   7.6176226e-01   4.2200920e-01
   8.8368312e-01   5.8695405e-01
   8.2237818e-01   4.0391772e-01
   9.8896414e-01   4.1885008e-01
   7.3434240e-01   9.2312913e-01
   9.0416294e-01   7.9191233e-01
   8.2469873e-01   5.0690433e-01
   7.3190262e-01   9.2719810e-01
   7.3171580e-01   1.2476972e-01
   8.1662211e-01   2.0836258e-01
   5.2699555e-01   8.4864275e-01
   5.2427059e-01   7.6439182e-01
   6.2153384e-01   7.6140189e-01
   7.9586047e-01   1.5116202e-01
   8.3292698e-01   7.9154238e-01
   6.1731848e-01   7.8364102e-01
   5.8431344e-01   7.9167125e-01
   9.0875071e-01   6.3476026e-01
   9.1484939e-01   6.2019126e-01
   5.9383418e-01   8.6662595e-01
   5.1202484e-01   2.0199421e-01
   8.9736365e-01   5.8828210e-01
   9.3427161e-01   4.2970869e-01
   6.2508488e-01   9.7531373e-01
   7.4737028e-01   7.7522613e-01
   9.3809494e-01   3.8392419e-01
   8.7987266e-01   7.6975019e-01
   9.3765908e-01   5.4556194e-01
   9.1696896e-01   3.6738409e-01
   7.8702568e-01   6.4643011e-01
   7.6877141e-01   7.8561200e-01
   5.6939082e-01   2.0395549e-01
   9.2445016e-01   4.3855282e-01
   9.0098070e-01   2.4918781e-01
   5.1925357e-01   1.6120744e-02
   9.2664502e-01   6.2661757e-01
   9.3039415e-01   2.9263621e-01
   8.6931189e-01   2.8498588e-01
   9.0127792e-01   3.4180757e-01
   5.3841813e-01   1.9596548e-01
   5.2922204e-01   9.6450498e-02
   6.6394925e-01   2.0413890e-01
   9.1504743e-01   7.0205126e-01
   5.2889605e-01   8.1995269e-02
   6.3837482e-01   2.8627732e-02
   8.5200186e-01   5.4123636e-01
   8.1456503e-01   6.1480755e-01
   9.1584636e-01   5.0914415e-01
   7.8493898e-01   5.1218975e-01
   7.8096809e-01   9.0149250e-01
   8.3970140e-01   5.8328691e-01
   5.5011499e-01   2.3498539e-01
   8.8623837e-01   7.0599162e-01
   5.4389672e-01   8.0883310e-01
   8.9050600e-01   3.3269488e-01
   8.3488338e-01   4.3803641e-01
   7.5585766e-01   1.3851267e-01
   7.0162240e-01   8.2970713e-01
   7.5972511e-01   6.4464731e-01
   6.2245954e-01   7.8741322e-01
   8.7228648e-01   7.2170509e-01
   7.3346594e-01   3.3551124e-01
   9.2404364e-01   3.4012643e-01
   9.8402855e-01   3.8742057e-01
   8.4180958e-01   7.8573849e-01
   9.8431919e-01   4.9462805e-01
   9.0109866e-01   3.9780331e-01
   5.9645748e-01   7.8752755e-01
   9.0236568e-01   3.7078362e-01
   7.8745200e-01   3.1518330e-01
   8.0902242e-01   5.8194563e-01
   8.4146326e-01   3.7444374e-01
   9.2236146e-01   2.9104877e-01
   9.3271025e-01   7.0647997e-01
   9.2249813e-01   2.5925204e-01
   8.8553677e-01   5.5704642e-01
   8.4729013e-01   4.1479556e-01
   7.0512849e-01   8.4083260e-01
   5.9948272e-01   8.5922580e-01
   5.5496226e-01   1.2049461e-01
   6.0796782e-01   1.0296551e-01
   9.0485525e-01   2.6899379e-01
   6.2738931e-01   9.5056861e-01
   5.4254652e-01   9.2728539e-01
   6.7194522e-01   8.5709959e-02
   9.6851430e-01   3.4867502e-01
   7.7656793e-01   8.3139714e-01
   7.6323777e-01   5.1893329e-01
   7.2446733e-01   7.0521871e-01
   5.6665180e-01   7.2966792e-02
   7.6698453e-01   1.0629609e-01
   8.7562352e-01   2.3833411e-01
   6.0045342e-01   1.7201950e-01
   7.2704978e-01   9.2736443e-01
   8.3324463e-01   6.9537371e-01
   6.1233818e-01   2.5262134e-01
   9.0501180e-01   6.0025439e-01
   8.3623898e-01   4.0703281e-01
   7.9764407e-01   1.1592047e-01
   5.6042184e-01   1.6644986e-01
   8.2284596e-01   3.9819827e-01
   9.2613781e-01   2.8853504e-01
   7.8471954e-01   1.3626645e-01
   7.4467088e-01   8.4642140e-01
   7.2117405e-01   7.5400763e-01
   6.6575788e-01   2.4979259e-01
   5.0505736e-01   2.8904022e-02
   5.5867007e-01   2.0463267e-01
   5.5757756e-01   1.2756688e-01
   7.4124920e-01   7.3774118e-01
   8.8936267e-01   7.1524053e-01
   8.1393121e-01   3.1496288e-01
   5.8468323e-01   1.2693049e-02
   9.7634529e-01   3.9932760e-01
   6.2305424e-01   8.6766818e-01
   8.8741417e-01   4.8827028e-01
   6.8480076e-01   1.5462950e-01
   8.3937819e-01   6.6361931e-01
   7.7246678e-01   9.1065200e-01
   7.3826779e-01   3.8559191e-01
   5.7313700e-01   1.2776570e-01
   7.8257583e-01   6.7519646e-01
   6.0124898e-01   7.2428452e-02
   5.3237186e-01   1.8366145e-01
   8.7883266e-01   6.2516415e-01
   7.5402677e-01   6.7802978e-01
   8.6094756e-01   5.8771594e-01
   7.4458715e-01   7.0232450e-02
   6.8177196e-01   9.5545272e-01
   9.6039876e-01   3.4601108e-01
   9.0813704e-01   5.0408200e-01
   6.2876691e-01   9.6417196e-01
   7.3346113e-01   3.0452003e-01
   7.0245598e-01   2.8972319e-01
   6.3632130e-01   7.5462584e-01
   8.1651368e-01   1.1748460e-01
   5.1959546e-01   4.4782921e-02
   8.7523907e-01   6.1337725e-01
   8.6584882e-01   4.1430464e-01
   6.2996461e-01   8.2298376e-02
   7.1668454e-01   1.9725608e-01
   8.6005839e-01   4.6703436e-01
   8.2677115e-01   8.5837203e-01
   6.2485814e-01   1.0557761e-01
   5.6472617e-01   8.8155865e-02
   7.5656264e-01   6.0911284e-01
   8.0286809e-01   4.5342276e-01
   6.1354819e-01   8.1391331e-01
   9.8509776e-01   4.8429743e-01
   6.4650745e-01   8.8729717e-01
   9.0782814e-01   3.3614187e-01
   7.9060520e-01   8.4607854e-01
   7.7342168e-01   6.4928038e-01
   7.7244679e-01   7.2067728e-01
   7.0390797e-01   7.2723337e-01
   8.3794807e-01   8.2112168e-01
   7.6466529e-01   7.0638295e-01
   5.3819799e-01   1.6490903e-01
   7.3817001e-01   7.2123925e-02
   6.6860139e-01   8.5979987e-01
   7.3917018e-01   4.1451042e-01
   5.0103997e-01   4.0418297e-02
   8.4101940e-01   4.0043706e-01
   8.3390679e-01   5.0658390e-01
   5.2632741e-01   9.6826691e-01
   7.1664295e-01   8.8024468e-01
   7.9420404e-01   7.3174505e-01
   5.0912820e-01   7.5683936e-01
   5.2835605e-01   1.4361231e-01
   7.1993448e-01   1.1186858e-01
   7.1177630e-01   9.2374928e-01
   9.2082605e-01   4.8678408e-01
   9.9741771e-01   4.9127657e-01
   8.2092489e-01   4.6074564e-01
   5.4964583e-01   1.1378141e-01
   6.8777024e-01   9.3937443e-02
   7.7084121e-01   7.0940901e-01
   7.1656069e-01   6.2639042e-01
   7.9147581e-01   4.2702189e-01
   9.7285498e-01   6.2923079e-01
   8.0219398e-01   1.1357415e-01
   8.7451709e-01   5.8406101e-01
   7.9764509e-01   8.0505449e-01
   8.1140444e-01   4.3779817e-01
   7.3781745e-01   7.0202195e-01
   5.5098550e-01   9.4783547e-01
   7.3192384e-01   9.0618056e-01
   5.3190597e-01   8.1482339e-02
   7.2240758e-01   3.4073087e-01
   7.1921531e-01   6.6545801e-01
   8.9670689e-01   6.5297693e-01
   7.3296614e-01   8.7781070e-01
   6.8183394e-01   9.0338004e-02
   6.9458616e-01   1.1704883e-01
   6.6665710e-01   8.0711600e-01
   8.4660307e-01   4.1802341e-01
   8.9240281e-01   3.3821072e-01
   9.3785541e-01   5.2454995e-01
   7.1729738e-01   2.3322777e-01
   5.4270649e-01   3.0864046e-02
   7.3183943e-01   1.8745490e-01
   7.5318140e-01   1.0424563e-01
   5.2653898e-01   9.9439793e-01
   7.9234878e-01   5.4670218e-01
   6.5936234e-01   7.9986419e-01
   5.5920618e-01   9.6203758e-01
   7.0484646e-01   6.7514897e-01
   8.0753396e-01   2.5658565e-01
   6.2009978e-01   8.9073379e-01
   6.6646330e-01   8.1700118e-02
   8.7662153e-01   2.5707349e-01
   8.6111942e-01   4.1086087e-01
   6.5780007e-01   7.2167671e-01
   9.0433216e-01   6.0191715e-01
   7.7803138e-01   4.1638789e-01
   7.5021655e-01   6.5127155e-01
   8.3143222e-01   2.2206773e-01
   8.7832903e-01   5.6833167e-01
   7.4812595e-01   6.6224109e-01
   7.0970403e-01   1.7923888e-01
   6.3930419e-01   8.6404145e-01
   8.1507223e-01   8.5709095e-01
   5.6113940e-01   1.2379070e-01
   7.0697316e-01   7.2186619e-01
   5.5948516e-01   3.1456201e-02
   9.3027823e-01   4.2032390e-01
   7.2806955e-01   6.1242497e-02
   8.0415278e-01   2.0687356e-01
   7.4632611e-01   1.8229812e-01
   8.1248958e-01   5.2608299e-01
   7.9762433e-01   4.4616095e-01
   5.6552049e-01   2.3248424e-01
   5.8342419e-01   8.8494854e-01
   8.3268812e-01   1.8316770e-01
   7.3703570e-01   9.0790679e-01
   9.8195051e-01   4.1099669e-01
   7.9342455e-01   3.1442960e-01
   8.9684874e-01   5.0758614e-01
   7.4263251e-01   6.2465139e-01
   9.8380260e-01   5.4365574e-01
   8.7811516e-01   2.5034199e-01
   8.3912335e-01   4.7245153e-01
   9.3378907e-01   5.4265033e-01
   9.3625592e-01   2.8977125e-01
   6.5512123e-01   8.9392367e-01
   9.0029700e-01   2.3497866e-01
   7.1729969e-01   8.7592104e-01
   7.0252162e-01   1.8267021e-01
   9.5210885e-01   6.3929320e-01
   9.5505844e-01   3.5346097e-01
   5.3310322e-01   2.7368622e-02
   5.8504285e-01   9.6615832e-01
   6.9254033e-01   8.8260495e-01
   7.5122541e-01   6.9363919e-01
   8.2471485e-01   6.8638664e-01
   5.2729465e-01   2.4246910e-01
   7.4064375e-01   3.5773123e-01
   5.1782989e-01   5.2423102e-02
   8.0058654e-01   6.7942144e-01
   7.2350587e-01   3.7333584e-01
   6.8107850e-01   1.9374448e-01
   7.6671802e-01   6.0811623e-01
   5.2374481e-01   8.4727361e-02
   9.8837913e-01   4.6362508e-01
   9.3934773e-01   4.0308224e-01
   9.4141746e-01   5.8560554e-01
   7.6172563e-01   2.6333913e-01
   8.0285317e-01   8.3573220e-01
   9.4492072e-01   6.9277596e-01
   7.0014069e-01   2.7470932e-01
   8.9098495e-01   4.5700743e-01
   8.2648448e-01   5.1605534e-01
   5.0195261e-01   8.4452429e-01
   6.8482070e-01   9.6349820e-01
   5.0128005e-01   7.5819164e-01
   7.8050354e-01   2.4725447e-01
   7.5066231e-01   1.2597185e-01
   9.5565896e-01   6.3902142e-01
   9.0851939e-01   3.3472081e-01
   9.8212928e-01   4.4858488e-01
   5.9914626e-01   1.2257307e-01
   6.8038950e-01   7.4599930e-01
   7.3622705e-01   8.0399866e-01
   5.6282848e-01   9.2094695e-01
   7.4221467e-01   3.7038890e-01
   7.3088042e-01   3.7151249e-01
   6.8535767e-01   1.5638015e-01
   5.1087475e-01   2.4899518e-01
   8.5594788e-01   5.0276632e-01
   5.9603355e-01   9.1443970e-01
   8.9853302e-01   4.9521459e-01
   7.5715808e-01   8.4477598e-01
   9.3547336e-01   6.5773794e-01
   5.3653910e-01   1.5833708e-01
   6.7574882e-01   1.9349877e-01
   7.8345276e-01   3.8552728e-01
   6.8546000e-01   6.1252278e-02
   7.8851789e-01   4.6916711e-01
   9.5324763e-01   6.2941912e-01
   7.6266255e-01   2.2169208e-01
   6.7565874e-01   8.3820241e-01
   6.7120952e-01   7.0866553e-01
   5.9315324e-01   1.6681466e-01
   7.6847522e-01   7.8265414e-01
   6.5168704e-01   7.8890471e-02
   7.4080554e-01   9.4524323e-02
   8.5466600e-01   5.3629015e-01
   7.5927469e-01   7.6919308e-01
   9.0093558e-01   7.5103140e-01
   9.1469132e-01   4.5246146e-01
   8.0283490e-01   7.5367724e-01
   6.2347587e-01   5.5415933e-02
   8.1258698e-01   6.6683902e-01
   8.9618997e-01   4.6312393e-01
   6.7479930e-01   7.6940134e-01
   8.4501901e-01   3.6749742e-01
   6.3287087e-01   9.4448467e-01
   6.8549378e-01   7.7667176e-01
   7.5536730e-01   8.1450660e-01
   9.9742148e-01   4.7593497e-01
   7.7727178e-01   8.4790851e-01
   7.8494242e-01   5.4614597e-01
   5.5893002e-01   1.0609489e-01
   6.6830468e-01   4.6765169e-02
   7.5652377e-01   3.2287007e-01
   7.5464655e-01   2.6237688e-01
   8.3324760e-01   8.3825179e-01
   5.0402223e-01   1.2283601e-01
   8.6199740e-01   7.6550914e-01
   5.9279514e-01   9.4196242e-01
   9.3650820e-01   5.0941537e-01
   5.6092316e-01   7.8302217e-01
   6.7867315e-01   7.5456025e-01
   9.2795621e-01   3.8254297e-01
   7.9971112e-01   7.5630266e-01
   6.6370701e-01   2.6603552e-01
   8.5528689e-01   5.7015872e-01
   6.3000184e-01   1.4193791e-01
   8.2985365e-01   4.1493957e-01
   5.5353287e-01   9.0340598e-01
   5.6651613e-01   9.2896502e-01
   5.4369175e-01   2.0265075e-01
   7.9336921e-01   8.8546547e-01
   8.6528447e-01   7.7102278e-01
   8.5397871e-01   2.7068990e-01
   6.5319062e-01   8.1497590e-01
   9.4521308e-01   5.8345312e-01
   6.9141883e-01   7.3491116e-01
   9.4670917e-01   6.3172094e-01
   8.0956666e-01   8.6912263e-01
   8.1406820e-01   1.7622245e-01
   7.4692007e-01   3.5591063e-01
   5.5650901e-01   2.0053454e-01
   8.6699619e-01   5.3578014e-01
   5.8628190e-01   1.4323230e-01
   6.1081292e-01   9.2268309e-01
   5.9871561e-01   2.6443034e-01
   7.0742146e-01   1.7178220e-01
   8.6424980e-01   6.7352566e-01
   8.2454892e-01   3.7714091e-01
   6.8017243e-01   9.5815873e-01
   5.8617334e-01   1.2515212e-01
   8.5175203e-01   1.9571822e-01
   7.6197528e-01   9.0099086e-01
   5.0083932e-01   9.2028808e-01
   8.2080261e-01   4.4418469e-01
   5.5644293e-01   1.8898098e-02
   8.4025524e-01   8.1897930e-01
   6.8199319e-01   9.0616887e-01
   9.1531712e-01   3.8703115e-01
   9.7798227e-01   5.2618612e-01
   5.1098624e-01   9.9916558e-01
   6.4301971e-01   7.3575876e-01
   6.5133205e-01   8.0027387e-01
   6.9740964e-01   2.1959293e-01
   6.1310777e-01   8.4372215e-01
   8.5261990e-01   4.6213394e-01
   8.1045400e-01   7.9262158e-01
   5.8741910e-01   8.5294529e-01
   6.8657846e-01   7.8221338e-01
   9.7555804e-01   5.4875340e-01
   9.5421609e-01   5.1917930e-01
   7.8974038e-01   8.9584346e-01
   6.5683051e-01   2.1067180e-01
   5.1731543e-01   2.2655529e-01
   6.9359654e-01   3.2716952e-01
   7.9351402e-01   4.4154318e-01
   8.3684929e-01   7.3422149e-01
   7.3917768e-01   3.2060801e-01
   7.9908510e-01   5.0603578e-01
   5.3813249e-01   7.6293299e-01
   8.7401146e-01   4.4881381e-01
   8.7151731e-01   4.4564570e-01
   8.1732041e-01   7.6498652e-01
   5.8331636e-01   8.5008283e-01
   8.3012298e-01   2.9173272e-01
   9.7142932e-01   5.8340650e-01
   5.0961294e-01   1.5644582e-01
   8.3616030e-01   1.8058683e-01
   8.6032684e-01   8.0548273e-01
   5.7894436e-01   8.8111155e-01
   7.0673624e-01   2.5610470e-01
   6.6482713e-01   2.3395175e-01
   9.5008380e-01   5.0402454e-01
   7.3369012e-01   2.5475354e-01
   8.1431810e-01   4.4173572e-01
   6.9712095e-01   2.8787546e-01
   6.8551208e-01   1.7170171e-01
   9.1910548e-01   7.5774103e-01
   6.4557301e-01   7.2803660e-02
   7.5477075e-01   8.2195668e-01
   7.8892499e-01   1.9325860e-01
   5.9162297e-01   1.5921646e-01
   7.5817441e-01   8.7645177e-01
   5.5961226e-01   9.0939918e-02
   7.1285525e-01   8.3075102e-01
   6.6363130e-01   7.1755232e-01
   6.9947926e-01   2.0823069e-01
   9.5406954e-01   6.4994268e-01
   5.7212250e-01   2.4572303e-01
   7.6444324e-01   4.8587273e-01
   8.9729583e-01   5.5417285e-01
   9.1350109e-01   3.6748111e-01
   6.1079039e-01   8.7475720e-01
   7.6568567e-01   5.6168118e-01
   9.1363129e-01   3.0751315e-01
   7.3318972e-01   6.2414743e-01
   8.5308867e-01   7.7096844e-01
   7.6739127e-01   1.1901631e-01
   6.6010882e-01   7.2690462e-01
   6.5512575e-01   9.3224917e-01
   8.4421212e-01   3.5912069e-01
   7.3941665e-01   6.2576808e-01
   8.7098069e-01   8.3109661e-01
   7.1995131e-01   1.3458074e-01
   8.1553201e-01   7.1318146e-01
   7.1945080e-01   2.1525370e-01
   7.5699832e-01   4.2392272e-01
   5.6149786e-01   9.9108391e-01
   9.9320469e-01   4.7109394e-01
   5.8317061e-01   3.7170768e-02
   5.2873297e-01   8.5106559e-01
   7.6144490e-01   8.8157083e-01
   7.0119006e-01   3.4740762e-01
   7.6156948e-01   9.1171128e-01
   8.0036650e-01   5.7844529e-01
   7.4067235e-01   4.2528208e-01
   8.6865537e-01   5.7105973e-01
   7.8726787e-01   6.4481280e-01
   9.0329990e-01   4.9911601e-01
   6.8567751e-01   9.6098072e-01
   6.3528474e-01   9.7687029e-02
   8.2203003e-01   4.7863456e-01
   6.1461920e-01   1.4761491e-01
   5.4132697e-01   8.2732046e-01
   6.3008283e-01   9.7374294e-01
   6.8116753e-01   6.7565420e-01
   7.4559910e-01   7.6478386e-01
   5.0793111e-01   8.2243597e-01
   8.4582979e-01   1.6370688e-01
   7.9232259e-01   8.6027826e-01
   6.5397888e-01   2.6237472e-01
   8.9410340e-01   2.3155073e-01
   7.1749283e-01   8.4258272e-02
   7.8344827e-01   4.4806008e-01
   7.4088538e-01   1.3596316e-01
   5.5652101e-01   1.6043636e-01
   9.0346016e-01   2.6514586e-01
   6.6268750e-01   1.6733845e-01
   8.5121528e-01   7.4886749e-01
   7.2883422e-01   3.7325489e-01
   9.3673524e-01   6.3395216e-01
   6.0734038e-01   7.7096210e-01
   5.7049674e-01   7.8133560e-01
   6.3312587e-01   9.1072187e-01
   8.1452429e-01   7.6296902e-01
   8.2965815e-01   8.0912624e-01
   5.8959350e-01   7.3777902e-01
   7.4289785e-01   2.3557449e-01
   9.4916468e-01   7.0782530e-01
   9.9768030e-01   4.6420243e-01
   9.3846408e-01   3.2381380e-01
   5.6138294e-01   2.0355473e-01
   6.1070212e-01   8.4022673e-01
   7.1218640e-01   6.4679686e-01
   5.5715682e-01   1.0947271e-01
   7.1766654e-01   2.0605700e-01
   8.6521511e-01   2.1702431e-01
   6.6444608e-01   1.2362951e-01
   5.9134024e-01   9.5627216e-01
   5.9719618e-01   8.9317977e-01
   8.2684607e-01   5.6555297e-01
   9.0854294e-01   5.3901304e-01
   6.5500241e-01   2.9831002e-01
   6.8282026e-01   7.3293169e-01
   6.0861646e-01   9.7461971e-01
   8.7051380e-01   4.9434059e-01
   9.6456857e-01   5.8684106e-01
   7.9453860e-01   6.6288331e-01
   7.6295477e-01   6.6874377e-01
   8.6037638e-01   4.8668602e-01
   5.2007657e-01   7.8544055e-01
   6.8363561e-01   3.2202987e-01
   5.0191851e-01   8.6205155e-01
   6.0880729e-01   2.0688231e-01
   8.4278476e-01   5.5397124e-01
   6.2982381e-01   9.6101438e-01
   8.6344800e-01   3.2623181e-01
   8.6714471e-01   6.4222861e-01
   5.1325592e-01   2.1687411e-02
   9.4921988e-01   6.8680202e-01
   9.3267493e-01   6.3196438e-01
   7.6411132e-01   7.3712984e-01
   7.4235866e-01   3.1629063e-01
   5.3310673e-01   2.3898884e-01
   9.4488850e-01   5.6664897e-01
   8.2995507e-01   7.6917503e-01
   6.9394545e-01   8.9140676e-01
   7.7679882e-01   5.9816472e-01
   8.8578969e-01   7.8220362e-01
   8.5109493e-01   4.9398130e-01
   7.8381884e-01   3.1382022e-01
   8.9390987e-01   4.6674179e-01
   6.2888295e-01   8.3913029e-02
   9.2649528e-01   6.3705969e-01
   6.3626876e-01   1.5440304e-01
   5.4980506e-01   1.1203625e-01
   9.4181673e-01   4.2009895e-01
   5.6062017e-01   1.7492579e-01
   8.6222479e-01   6.9387780e-01
   8.1815098e-01   1.5734118e-01
   5.8692379e-01   8.7580488e-01
   6.4166382e-01   1.6024602e-01
   9.5522097e-01   4.9024884e-01
   5.5045625e-01   1.9976803e-01
   6.9238532e-01   9.5775763e-01
   7.0424353e-01   1.9928599e-01
   9.5693222e-01   6.6074557e-01
   8.1547129e-01   5.2203199e-01
   5.8926482e-01   5.7412507e-02
   7.1558002e-01   9.1353110e-02
   7.2817545e-01   2.7554881e-01
   9.5423124e-01   6.6406091e-01
   8.1127096e-01   6.0512454e-01
   7.0399280e-01   9.3767299e-01
   5.6933435e-01   5.8129076e-02
   7.8188069e-01   1.8464652e-01
   6.7501988e-01   8.8243436e-01
   8.0509484e-01   3.6504137e-01
   8.9273293e-01   5.9707738e-01
   8.5276221e-01   8.3569035e-01
   5.6361586e-01   1.6629958e-01
   9.7729137e-01   3.8880230e-01
   9.4141514e-01   5.4819222e-01
   7.8742368e-01   8.7605612e-01
   5.0397397e-01   8.6770353e-01
   7.0481414e-01   1.2857350e-01
   6.6079509e-01   7.0867813e-02
   7.4681197e-01   6.0562729e-01
   6.4347226e-01   2.4562092e-01
   6.7637807e-01   2.6500054e-01
   5.4015561e-01   8.2163034e-01
   7.4493197e-01   6.2460450e-01
   7.3141187e-01   2.3347522e-01
   8.0141647e-01   4.3093798e-01
   5.0400155e-01   9.1128272e-01
   6.6333211e-01   9.1162404e-01
   9.2231026e-01   6.5380945e-01
   8.3808110e-01   6.1344723e-01
   7.5720030e-01   1.9057094e-01
   6.0586455e-01   3.8969105e-02
   7.8102662e-01   1.0000047e-01
   7.4924605e-01   8.7441087e-01
   9.6565694e-01   5.7780797e-01
   6.6474434e-01   2.3572562e-01
   8.0062503e-01   8.1806952e-01
   6.8508816e-01   6.4479485e-02
   9.0436376e-01   2.6475518e-01
   5.2056290e-01   8.7850125e-01
   5.7419083e-01   9.5623192e-01
   6.3444679e-01   9.0094239e-01
   9.4508796e-01   3.1500367e-01
   6.8178005e-01   1.4847297e-01
   8.8688540e-01   8.1587475e-01
   7.0276090e-01   1.9988384e-01
   9.1757836e-01   3.7355385e-01
   9.3159984e-01   4.4235943e-01
   9.7828909e-01   4.7729884e-01
   6.8093435e-01   2.2973013e-01
   7.3243116e-01   3.6391878e-01
   8.6808949e-01   4.0338495e-01
   9.2884094e-01   6.6998611e-01
   8.2813357e-01   4.8924740e-01
   6.2726026e-01   1.8811741e-01
   7.0522211e-01   2.8100335e-01
   6.3675037e-01   7.6149165e-01
   7.9173985e-01   3.9578421e-01
   9.1259667e-01   2.5776619e-01
   6.1300124e-01   8.3564333e-01
   5.2051145e-01   1.9228838e-01
   7.7952211e-01   4.6227715e-01
   9.0401441e-01   2.8261252e-01
   7.4199180e-01   8.0707203e-01
   8.8151914e-01   5.3224507e-01
   6.6079053e-01   7.2746781e-01
   9.0998693e-01   5.3171290e-01
   8.6309928e-01   2.1630557e-01
   6.6344705e-01   2.8814359e-01
   7.2788634e-01   9.2926670e-01
   6.3971341e-01   8.2224484e-02
   6.5194262e-01   7.6080697e-01
   7.9062786e-01   5.4057351e-01
   8.0968062e-01   1.1743788e-01
   6.5191331e-01   4.5854001e-02
   7.6755101e-01   3.7250533e-01
   5.5072254e-01   9.3736587e-01
   7.3048962e-01   6.2715078e-02
   8.1500780e-01   6.8486189e-01
   6.2277556e-01   2.4775716e-01
   6.7195951e-01   3.3387340e-02
   5.5777713e-01   1.1207257e-01
   8.7048486e-01   3.6610407e-01
   9.1437461e-01   4.6490856e-01
   6.2672245e-01   9.1360970e-01
   7.3014274e-01   6.3044291e-01
   7.5188282e-01   2.9552011e-01
   9.4010079e-01   4.0085271e-01
   6.4506056e-01   4.4173859e-02
   8.8061405e-01   3.9583266e-01
   7.7154117e-01   9.1349317e-01
   9.2428693e-01   6.8413309e-01
   9.0295746e-01   6.7306078e-01
   6.7058702e-01   8.5622138e-02
   6.5478017e-01   8.7592050e-01
   7.7614006e-01   8.2939648e-01
   6.7384964e-01   4.9852378e-02
   7.2684437e-01   2.7481297e-01
   5.4258413e-01   2.2281531e-01
   8.0374284e-01   7.7964200e-01
   8.5960976e-01   1.9419519e-01
   6.6578872e-01   1.0635530e-01
   5.3299074e-01   2.3757667e-01
   7.6069560e-01   1.3576756e-01
   7.7662481e-01   7.5695985e-01
   8.1405912e-01   6.2340153e-01
   7.5793222e-01   7.2223181e-01
   7.9844496e-01   3.9108136e-01
   9.1493155e-01   6.1698835e-01
   8.0682638e-01   8.6580116e-01
   8.3286177e-01   2.7950694e-01
   5.4306711e-01   1.0617682e-02
   7.7355040e-01   8.8731897e-01
   7.7211817e-01   5.1857964e-01
   8.1427433e-01   7.1644135e-01
   7.0546330e-01   1.8707172e-01
   7.4537634e-01   8.5072663e-01
   6.5743090e-01   9.2522048e-02
   6.5902214e-01   7.1668843e-01
   6.0509243e-01   8.2396138e-01
   8.9224727e-01   2.5173329e-01
   6.4347580e-01   2.5145615e-01
   6.5938480e-01   2.6231734e-01
   5.6647825e-01   2.3322056e-01
   5.2858958e-01   2.4568013e-02
   7.1555370e-01   8.7614389e-01
   5.7709383e-01   7.4333144e-01
   6.4514478e-01   9.0218507e-01
   5.4507043e-01   7.5790439e-01
   8.4536999e-01   2.6486986e-01
   7.7196339e-01   3.2254735e-01
   6.7588380e-01   9.4146787e-01
   7.2097972e-01   2.5762460e-01
   5.2385523e-01   2.2302594e-01
   7.8334612e-01   1.6399903e-01
   7.2619892e-01   6.2264717e-01
   7.7232019e-01   1.7347251e-01
   8.1713179e-01   8.7334069e-01
   6.4910687e-01   9.5352752e-01
   7.8677147e-01   6.1499398e-01
   8.4350561e-01   3.2689458e-01
   8.7797262e-01   3.2893627e-01
   6.7038100e-01   9.3745874e-01
   6.4555328e-01   6.9072094e-02
   6.4848654e-01   1.9771172e-01
   5.4571523e-01   1.5877385e-01
   8.3730371e-01   2.1739001e-01
   7.7334751e-01   9.1686876e-02
   7.6587100e-01   1.6439921e-01
   8.2657457e-01   3.9361840e-01
   6.7298448e-01   7.4242672e-01
   5.3123295e-01   6.1203987e-02
   7.4020578e-01   9.8657316e-02
   6.5187792e-01   1.7855185e-01
   6.7783614e-01   7.8955389e-01
   9.4634321e-01   4.1408838e-01
   7.7506782e-01   1.1019497e-01
   5.4660264e-01   9.2736417e-01
   5.0851053e-01   1.3950635e-01
   7.5658497e-01   3.1100124e-01
   9.8651249e-01   3.9597745e-01
   7.8964441e-01   7.1716988e-01
   6.7431005e-01   2.8738034e-01
   8.1804661e-01   6.9403259e-01
   9.5393149e-01   3.8509234e-01
   6.1142778e-01   9.7565931e-01
   6.7166751e-01   1.6513229e-01
   7.3010879e-01   7.2477721e-01
   7.5911660e-01   7.1947204e-01
   5.6412843e-01   1.3493241e-01
   8.5264846e-01   6.0549119e-01
   6.1099958e-01   8.7495529e-01
   9.6683675e-01   3.7431925e-01
   7.6520177e-01   5.4952796e-01
   7.3388208e-01   8.2780732e-01
   5.1831903e-01   7.9011617e-01
   7.9711668e-01   6.7291241e-01
   5.1959966e-01   1.6566038e-01
   9.2595686e-01   6.5556202e-01
   8.2318417e-01   3.2370546e-01
   8.7936635e-01   4.8156330e-01
   8.7977791e-01   2.2383988e-01
   7.3251291e-01   6.9945374e-01
   8.0085020e-01   1.3130886e-01
   8.4850068e-01   5.3045157e-01
   8.7392961e-01   3.4824439e-01
   6.1857020e-01   9.7776254e-01
   8.7281720e-01   4.9641124e-01
   8.0468275e-01   2.4398910e-01
   6.4271093e-01   1.0411931e-01
   7.3654770e-01   2.8434522e-01
   7.4808648e-01   1.2040955e-01
   8.3412577e-01   1.6087120e-01
   8.4772391e-01   5.7106476e-01
   7.2443840e-01   8.4759884e-01
   6.9128049e-01   6.8101542e-01
   7.9987798e-01   4.4921904e-01
   8.7914607e-01   7.1229439e-01
   5.3091217e-01   8.7240189e-01
   6.1398095e-01   8.8591552e-01
   8.6662261e-01   5.2916636e-01
   7.4480378e-01   3.5514869e-01
   7.7703126e-01   4.0736501e-01
   8.1569732e-01   2.0278710e-01
   8.1664819e-01   8.6011757e-01
   5.7259384e-01   8.1082501e-01
   8.2412749e-01   2.7956844e-01
   8.3462135e-01   1.9662547e-01
   7.8358103e-01   5.0332099e-01
   6.4289431e-01   9.2299483e-01
   7.0625024e-01   1.2536877e-01
   7.8144532e-01   2.6238565e-01
   7.4185339e-01   6.7016513e-01
   5.0534475e-01   8.5874478e-01
   6.1376961e-01   4.4518967e-02
   6.5450886e-01   7.0209950e-01
   6.5930406e-01   7.7387991e-01
   7.5650105e-01   3.5597525e-01
   9.3934006e-01   3.7933650e-01
   8.4189395e-01   7.6635133e-01
   8.1813175e-01   5.1194900e-01
   7.8798138e-01   3.0075853e-01
   7.7723607e-01   2.6045403e-01
   9.2221546e-01   5.5100171e-01
   9.7692677e-01   5.6497103e-01
   5.1824440e-01   4.2998101e-02
   7.8449077e-01   6.5099321e-01
   8.3448384e-01   7.9676788e-01
   6.8482895e-01   7.3208932e-01
   9.2876456e-01   4.9799422e-01
   5.5035440e-01   8.9475098e-01
   5.8267375e-01   9.5489740e-01
   8.9819080e-01   6.7497303e-01
   6.6828274e-01   7.5446358e-01
   7.0981467e-01   3.4411413e-01
   8.2136718e-01   1.9059774e-01
   7.4528104e-01   7.4456103e-01
   8.8707323e-01   7.6180716e-01
   8.9039789e-01   1.9851736e-01
   6.8616586e-01   9.1855549e-01
   6.7556023e-01   7.2572537e-01
   8.1860907e-01   7.3751881e-01
   6.8993280e-01   9.5038838e-01
   9.0360222e-01   2.4014918e-01
   8.1814595e-01   3.1059034e-01
   6.0692432e-01   1.4236926e-01
   5.7168930e-01   1.9399415e-01
   7.9790039e-01   6.7354981e-01
   5.7440726e-01   7.7371658e-01
   5.3373662e-01   7.8072764e-01
   8.1191190e-01   2.7935593e-01
   6.7265031e-01   2.1254750e-01
   5.0107171e-01   9.6286255e-01
   5.6278834e-01   4.0806355e-02
   6.6545849e-01   7.9738669e-02
   5.3090247e-01   7.8951296e-01
   9.5558509e-01   4.9535321e-01
   5.6417865e-01   1.8640544e-01
   8.3885086e-01   5.0821137e-01
   9.3618907e-01   4.4278189e-01
   5.5754432e-01   9.5362410e-01
   6.4664195e-01   9.4233741e-02
   6.4204949e-01   7.2775981e-01
   7.8418325e-01   4.9347963e-01
   7.8900541e-01   6.4065497e-01
   8.2452631e-01   7.6110216e-01
   7.2948515e-01   2.3279612e-01
   8.4013389e-01   5.5692215e-01
   7.8054719e-01   1.0111906e-01
   5.4451120e-01   2.0690220e-01
   8.6928195e-01   1.9717921e-01
   5.9515677e-01   4.3540880e-02
   6.8401798e-01   7.6708000e-01
   9.8268059e-01   6.1780444e-01
   5.2582831e-01   7.8873724e-01
   9.3177766e-01   4.5984015e-01
   6.1607766e-01   7.3335078e-01
   5.3274264e-01   9.7016869e-01
   7.4340361e-01   7.1325401e-01
   6.0820611e-01   7.7427291e-01
   6.9930586e-01   3.0568250e-01
   9.7956148e-01   4.1364005e-01
   8.0290955e-01   3.3629716e-01
   6.1877032e-01   8.4956178e-02
   9.0440690e-01   6.4902706e-01
   5.7705807e-01   8.0008579e-01
   6.8872815e-01   6.9410723e-01
   6.1876879e-01   9.8349212e-01
   7.4541864e-01   7.8425287e-01
   7.5189891e-01   7.7123982e-01
   5.1291091e-01   8.4372906e-01
   6.9529183e-01   8.3912925e-01
   8.1842901e-01   4.5098252e-01
   7.1207507e-01   2.6618562e-01
   6.3754838e-01   1.1619017e-01
   6.3734140e-01   7.3735091e-01
   5.9722236e-01   1.6110258e-02
   6.8598938e-01   8.1482029e-01
   6.2582121e-01   9.3682539e-01
   5.0256825e-01   7.8371846e-01
   8.0842163e-01   5.7067543e-01
   7.5433921e-01   3.1839971e-01
   7.3476174e-01   2.0676394e-01
   8.5252899e-01   7.5334022e-01
   6.7047663e-01   4.7274662e-02
   8.7645072e-01   2.3728515e-01
   9.0102894e-01   3.4525570e-01
   7.3386967e-01   3.3914829e-01
   8.1159361e-01   3.9491311e-01
   7.4353646e-01   3.5737464e-01
   5.0690708e-01   8.4001214e-01
   9.0279397e-01   5.9313430e-01
   6.7668767e-01   1.9044600e-01
   5.2953003e-01   7.6219345e-02
   7.3826986e-01   1.9506529e-01
   9.3257956e-01   4.8650077e-01
   7.5574970e-01   1.1324884e-01
   5.2268572e-01   1.2996485e-01
   9.2539404e-01   7.3859296e-01
   7.6446417e-01   7.2607975e-01
   8.0871638e-01   1.4312170e-01
   7.9029265e-01   7.3685009e-01
   9.4037122e-01   3.9832515e-01
   6.7151146e-01   6.9308359e-01
   9.0646852e-01   5.8935633e-01
   7.6941564e-01   1.1946775e-01
   7.6571050e-01   7.0848571e-01
   8.9193962e-01   5.7405886e-01
   5.8840551e-01   1.6985889e-01
   6.0747382e-01   7.9431531e-01
   9.4502021e-01   5.4345475e-01
   6.8347011e-01   4.8283038e-02
   5.8030765e-01   9.8723402e-01
   7.3462587e-01   3.1266034e-01
   8.1787085e-01   7.0066348e-01
   8.6205845e-01   6.2040263e-01
   8.3199427e-01   3.8189346e-01
   6.2026924e-01   7.5476484e-01
   7.7454644e-01   3.8037398e-01
   7.8350771e-01   7.7897636e-01
   6.5071211e-01   2.5184171e-01
   5.5131391e-01   8.9732469e-01
   5.7963133e-01   8.5743886e-01
   6.5941687e-01   1.8407297e-01
   6.9718480e-01   6.6400775e-01
   7.9988532e-01   4.6261989e-01
   7.1672176e-01   9.2117692e-01
   5.2987377e-01   2.3795117e-01
   9.5522422e-01   5.6394018e-01
   8.1232785e-01   8.0283508e-01
   5.5397918e-01   2.0596700e-01
   7.0640761e-01   9.4873491e-01
   5.6672583e-01   3.7971135e-02
   5.1178633e-01   8.1090392e-01
   7.9683424e-01   2.4534043e-01
   8.4156379e-01   3.6450636e-01
   8.5934145e-01   2.1504134e-01
   8.8707464e-01   5.3579934e-01
   8.0150453e-01   6.6538994e-01
   8.9716768e-01   7.5307360e-01
   5.3792243e-01   1.2276919e-01
   8.6168258e-01   1.9831264e-01
   7.7009673e-01   6.0941592e-01
   5.7411188e-01   7.8336335e-01
   8.9320258e-01   3.7296068e-01
   6.3176002e-01   1.9339491e-01
   9.2537355e-01   3.3698788e-01
   8.9985335e-01   7.9279563e-01
   8.3372390e-01   8.6932106e-01
   5.9739020e-01   2.4082528e-01
   8.7794538e-01   4.5030060e-01
   7.8348627e-01   2.7013957e-01
   9.0378750e-01   5.6416349e-01
   6.6265734e-01   2.9323886e-01
   5.4453145e-01   1.7584735e-01
   8.3738051e-01   6.9684688e-01
   8.2275774e-01   7.6434122e-01
   6.6226050e-01   7.9615654e-02
   7.1049364e-01   6.8909533e-01
   6.2754001e-01   7.8123377e-01
   8.7053975e-01   5.6142403e-01
   8.0672497e-01   5.3024584e-01
   6.1230437e-01   1.8307925e-01
   5.4808575e-01   7.5147346e-01
   7.2024169e-01   8.5989423e-01
   6.6894206e-01   3.0693159e-01
   8.2786668e-01   2.9634769e-01
   5.8619489e-01   1.9612713e-01
   8.3987799e-01   6.5134185e-01
   7.4054045e-01   1.5701269e-01
   6.9522873e-01   6.6442635e-02
   8.7536675e-01   4.1235036e-01
   7.7014265e-01   8.4453498e-02
   8.7216508e-01   5.7729858e-01
   9.7748125e-01   5.2997925e-01
   5.9446534e-01   8.4147929e-02
   6.3501970e-01   9.5407313e-01
   9.2331540e-01   4.0005100e-01
   8.7487439e-01   4.3007176e-01
   9.7625742e-01   4.3338904e-01
   8.2314838e-01   6.0356754e-01
   5.4068474e-01   1.7167607e-01
   9.6367742e-01   4.3568657e-01
   6.5051520e-01   1.1992716e-01
   5.6298497e-01   6.7170752e-02
   8.1376848e-01   3.2039199e-01
   8.0484670e-01   4.9821593e-01
   5.5672659e-01   1.5061785e-02
   7.8751994e-01   7.5470574e-01
   5.4981462e-01   8.0656101e-01
   6.1334405e-01   9.6685188e-01
   9.3980992e-01   3.2343595e-01
   7.8762630e-01   2.2778806e-01
   6.8073894e-01   7.3800490e-01
   7.9905280e-01   7.0953471e-01
   8.1664301e-01   6.2827413e-01
   9.2461448e-01   5.8874863e-01
   5.4325146e-01   9.1580152e-01
   7.2319312e-01   1.9351018e-01
   9.1902533e-01   7.3804272e-01
   6.0621892e-01   2.2910412e-01
   7.6747166e-01   9.1262367e-01
   5.6830007e-01   1.2853969e-02
   6.4662123e-01   9.5232589e-01
   5.1979844e-01   9.5718948e-01
   5.5920982e-01   9.8873219e-01
   7.6134601e-01   8.5471164e-01
   7.2071035e-01   9.2097434e-01
   9.5491552e-01   5.1079006e-01
   8.0219184e-01   5.6496240e-01
   6.2671219e-01   7.6213363e-02
   9.3874469e-01   2.8080018e-01
   7.9178801e-01   7.9146230e-01
   7.2493147e-01   7.4369610e-01
   9.4045351e-01   3.8696075e-01
   6.8718241e-01   2.5906499e-01
   7.5810344e-01   2.4970800e-01
   8.8230152e-01   6.8885678e-01
   8.6599241e-01   2.2817956e-01
   5.1577232e-01   7.8722416e-01
   8.0545667e-01   6.1863933e-01
   8.7158664e-01   4.8558176e-01
   7.8016473e-01   3.8762783e-01
   7.1171708e-01   6.3745165e-01
   7.4046863e-01   1.7694322e-01
   9.3471392e-01   5.7641255e-01
   7.9728341e-01   4.2597808e-01
   8.3707706e-01   2.0709981e-01
   8.9239409e-01   5.3087468e-01
   8.2246459e-01   8.3973087e-01
   7.6664231e-01   5.8970571e-01
   7.5571946e-01   8.7354131e-01
   9.3084326e-01   3.3473029e-01
   9.0842721e-01   7.4262915e-01
   5.8188590e-01   8.2009214e-01
   6.8665595e-01   9.4427396e-01
   5.1162901e-01   9.6390742e-02
   7.3299313e-01   9.0626753e-01
   5.4805842e-01   1.4948712e-01
   6.2394041e-01   8.8692521e-01
   8.8331497e-01   3.4311776e-01
   9.0596899e-01   3.1839851e-01
   7.4316266e-01   6.4057552e-01
   7.0564747e-01   2.5665376e-01
   5.7295939e-01   1.7190834e-01
   5.2238915e-01   9.3584673e-01
   9.7920211e-01   5.8954220e-01
   6.6350793e-01   2.2343101e-01
   7.2252497e-01   1.6663295e-01
   5.1335490e-01   9.2799387e-01
   7.7728848e-01   1.4394045e-01
   6.2420609e-01   7.9795628e-01
   7.6205892e-01   2.3032445e-01
   9.4514671e-01   6.8547584e-01
   5.8792033e-01   8.1537579e-02
   5.2760991e-01   8.8485579e-01
   8.5516091e-01   4.2261064e-01
   8.3744028e-01   2.0535435e-01
   6.7547742e-01   8.4953805e-01
   6.8248622e-01   1.2851172e-01
   7.9794356e-01   5.5062353e-01
   5.2410300e-01   9.8125461e-01
   9.6258249e-01   5.4128276e-01
   8.0500130e-01   7.1030955e-01
   6.6375366e-01   7.6386217e-01
   5.5784133e-01   7.7835773e-03
   7.3159310e-01   9.3073037e-02
   6.2052392e-01   9.4803518e-01
   9.5798229e-01   3.0641447e-01
   6.8508467e-01   6.9831910e-01
   6.9627891e-01   1.0020723e-01
   5.6170851e-01   7.8700534e-02
   7.2542703e-01   2.3076784e-01
   7.1540261e-01   8.4776938e-01
   6.7833953e-01   9.0918979e-01
   6.0409556e-01   5.7926400e-02
   7.8724808e-01   8.0873999e-01
   5.0439296e-01   8.8680036e-01
   7.7108900e-01   1.2491538e-01
   9.1326975e-01   4.3219375e-01
   6.2807375e-01   9.6164402e-01
   6.3889437e-01   1.7932439e-01
   8.1005003e-01   7.8641222e-01
   8.5131917e-01   4.5549802e-01
   8.3305561e-01   8.3412092e-01
   9.1911699e-01   4.0163774e-01
   6.3749552e-01   9.0389930e-01
   5.4534906e-01   2.1318014e-01
   7.3717136e-01   3.9446763e-01
   6.9270570e-01   3.0723865e-01
   8.0338552e-01   7.2953751e-01
   7.6439000e-01   3.6284869e-01
   8.5120207e-01   2.7602785e-01
   7.5314644e-01   8.3039338e-01
   9.2542725e-01   6.3777754e-01
   8.5845243e-01   8.1221326e-01
   9.0072944e-01   3.0736028e-01
   8.9162883e-01   5.8194437e-01
   7.1130429e-01   7.3828401e-01
   5.8982072e-01   2.1996816e-01
   5.8822539e-01   2.4005039e-02
   5.1401151e-01   8.8881746e-01
   6.3438317e-01   5.2743492e-02
   7.9980825e-01   8.2810814e-01
   6.6303306e-01   9.1250635e-01
   8.3143708e-01   6.6693369e-01
   6.9259532e-01   8.2804398e-01
   9.1302219e-01   5.2838081e-01
   8.1679064e-01   6.8174732e-01
   7.1419097e-01   8.1208148e-01
   6.1155165e-01   1.2191453e-01
   6.9433710e-01   7.6093734e-01
   9.8327445e-01   5.7692701e-01
   9.8959183e-01   4.3199780e-01
   7.6986884e-01   3.2410037e-01
   7.3231104e-01   7.1385667e-01
   8.7695501e-01   2.0022270e-01
   6.0389505e-01   7.4001481e-01
   6.4705536e-01   8.9118875e-01
   8.0293638e-01   2.5113456e-01
   8.0314627e-01   3.0750316e-01
   6.2370993e-01   9.7547772e-02
   7.6882859e-01   3.2071699e-01
   8.9402064e-01   4.7274200e-01
   8.3034851e-01   5.4915310e-01
   5.1722397e-01   9.3138342e-01
   8.7661957e-01   7.2962731e-01
   8.1286443e-01   3.8421027e-01
   8.2151520e-01   1.4355929e-01
   8.0063230e-01   6.4353774e-01
   8.8294018e-01   7.0564889e-01
   6.2843225e-01   6.7462169e-02
   8.5494503e-01   1.8813512e-01
   7.5121884e-01   4.9855473e-01
   6.7283135e-01   8.1264327e-01
   9.1575259e-01   6.0506728e-01
   8.8435163e-01   3.4306824e-01
   8.4542821e-01   1.8679419e-01
   7.7467423e-01   2.9203288e-01
   8.9131941e-01   3.2690839e-01
   6.7885593e-01   9.4354594e-01
   9.0409746e-01   6.0247340e-01
   6.3767614e-01   8.4093669e-01
   5.8068059e-01   5.9445991e-02
   6.1692348e-01   2.0205603e-01
   6.3794894e-01   8.4406548e-01
   5.0950828e-01   1.0998623e-01
   6.8461331e-01   9.4477585e-01
   6.4383361e-01   9.2933952e-02
   8.9561500e-01   3.8233895e-01
   5.0948276e-01   6.1052289e-02
   6.5001810e-01   8.0785557e-01
   9.0512944e-01   2.4679454e-01
   8.1734740e-01   8.3968675e-01
   9.1076371e-01   4.8337306e-01
   7.1386999e-01   6.7372384e-01
   6.5338825e-01   9.2377696e-01
   6.1777178e-01   8.7551775e-01
   6.2784513e-01   1.5165769e-01
   8.0504437e-01   6.6208179e-01
   5.3101592e-01   1.7178764e-01
   7.4542703e-01   3.3079651e-01
   8.7955421e-01   5.2947475e-01
   5.9532454e-01   7.8194497e-01
   5.2406214e-01   4.4374748e-03
   5.2410121e-01   1.8383082e-03
   8.4095090e-01   2.9822199e-01
   6.7820063e-01   8.7085093e-01
   5.8808239e-01   1.4459413e-01
   6.2955097e-01   2.2259617e-01
   9.0487769e-01   7.1190214e-01
   8.5272268e-01   7.7726617e-01
   9.0528541e-01   6.8997260e-01
   8.2279289e-01   5.8337828e-01
   6.7800069e-01   1.8970001e-01
   6.1526735e-01   7.5149114e-01
   9.3152455e-01   5.8230122e-01
   7.7527040e-01   8.4642816e-01
   5.5127342e-01   8.5850279e-01
   7.8287578e-01   5.2710879e-01
   6.6488535e-01   1.0615519e-01
   7.2006848e-01   7.9766386e-01
   9.6492767e-01   5.9611341e-01
   9.8516336e-01   4.7731503e-01
   6.4089812e-01   2.7431091e-01
   7.1786988e-01   2.1682095e-01
   8.9457906e-01   7.9145464e-01
   6.6561049e-01   1.3822848e-01
   5.1595345e-01   1.7133661e-01
   8.5023275e-01   5.3958260e-01
   8.6645221e-01   5.2264548e-01
   7.8814091e-01   3.2695380e-01
   8.0557266e-01   2.7022031e-01
   5.9685567e-01   6.9369916e-02
   5.0836252e-01   1.5908837e-01
   9.7252335e-01   4.6434978e-01
   7.3620804e-01   3.3476368e-01
   7.5421968e-01   2.5859803e-01
   5.0412847e-01   1.1109481e-01
   9.0683265e-01   2.7664917e-01
   6.8972265e-01   7.2554068e-01
   6.7439963e-01   7.6208389e-02
   7.2584362e-01   3.1101186e-01
   7.9482272e-01   5.1029571e-01
   8.1491255e-01   6.1599334e-01
   7.4848200e-01   7.4450306e-01
   5.2738855e-01   1.0994481e-01
   8.5265927e-01   6.3668248e-01
   5.7231318e-01   7.5876572e-01
   6.0234163e-01   2.0609073e-01
   8.0671727e-01   7.0154547e-01
   6.8751744e-01   7.3880847e-01
   6.2622672e-01   9.0744287e-01
   5.4945019e-01   7.8204503e-01
   7.6552511e-01   5.8539779e-01
   5.3875114e-01   2.1919682e-01
   5.4556878e-01   2.0241415e-01
   9.8915371e-01   4.3694269e-01
   6.9187906e-01   8.7383395e-01
   6.9567766e-01   8.6239915e-01
   9.1136758e-01   2.2531643e-01
   5.8618374e-01   8.3320572e-01
   9.6176587e-01   5.7363236e-01
   7.2796654e-01   6.5113178e-01
   7.6098786e-01   7.8723575e-01
   6.2085214e-01   9.0080551e-01
   7.7205993e-01   4.9448334e-01
   8.0940604e-01   6.9604837e-01
   7.6095823e-01   2.7069089e-01
   5.7920249e-01   2.6194427e-01
   6.4666980e-01   9.5300212e-01
   6.6160342e-01   8.4773828e-01
   6.1303548e-01   9.6723996e-01
   9.2798112e-01   5.5869434e-01
   8.8566373e-01   4.2000844e-01
   8.7321839e-01   4.5669345e-01
   6.1743256e-01   7.4258535e-01
   5.7622369e-01   9.4044900e-01
   5.1907339e-01   1.6983806e-02
   7.1979218e-01   2.9418029e-01
   7.2838286e-01   3.1719066e-01
   8.2508128e-01   6.0854125e-01
   6.4151460e-01   1.4132300e-01
   7.5170074e-01   8.6492160e-01
   6.5989937e-01   2.0181292e-01
   8.3981158e-01   4.9061947e-01
   7.3335997e-01   8.3757072e-01
   5.6729153e-01   2.1399677e-01
   7.1086480e-01   9.1632668e-01
   7.8180782e-01   7.9219030e-01
   9.5385912e-01   4.5985334e-01
   8.6529070e-01   2.7693344e-01
   5.8790411e-01   2.0962607e-01
   5.8971004e-01   8.9672758e-01
   8.7985073e-01   6.7984891e-01
   7.2514353e-01   8.3645831e-01
   7.2706706e-01   1.9918795e-01
   8.6121923e-01   3.5965464e-01
   9.1546639e-01   5.9464313e-01
   8.7429615e-01   3.2877150e-01
   8.5340177e-01   8.3568729e-01
   6.2246331e-01   1.3138333e-01
   6.0383175e-01   7.4798942e-01
   8.1683010e-01   4.3021038e-01
   5.5005186e-01   7.0723919e-02
   6.2424706e-01   9.5870098e-01
   9.4691885e-01   6.6289180e-01
   7.9651148e-01   8.2762451e-01
   5.3697981e-01   9.9075535e-01
   6.8937607e-01   3.1959372e-01
   5.6620620e-01   7.8871253e-01
   6.7946127e-01   2.8439448e-01
   8.7149982e-01   7.8043386e-01
   7.6856439e-01   1.3841913e-01
   8.5044746e-01   5.8244005e-01
   8.9155155e-01   7.6301067e-01
   6.9910962e-01   3.3373072e-01
   7.6096775e-01   2.6921234e-01
   5.0639343e-01   8.5701624e-01
   8.5231035e-01   3.8070549e-01
   7.6116657e-01   6.7842288e-01
   8.6020451e-01   1.9240499e-01
   7.6206426e-01   2.8467184e-01
   5.7468609e-01   9.0725554e-01
   7.3897236e-01   7.9337042e-02
   7.1948141e-01   6.2821093e-01
   6.2074165e-01   1.6032685e-01
   9.8815043e-01   4.1236476e-01
   7.3334832e-01   1.2688826e-01
   5.6584052e-01   8.1180262e-01
   7.0309958e-01   5.6873126e-02
   6.5931106e-01   7.1651226e-01
   8.7587658e-01   5.8848918e-01
   5.4138275e-01   9.2219939e-01
   5.1063828e-01   2.1304840e-01
   8.0525305e-01   5.3318600e-01
   8.9990803e-01   4.6826018e-01
   8.8354144e-01   4.3339529e-01
   9.1975750e-01   3.8888004e-01
   7.8189804e-01   6.0055430e-01
   8.4150595e-01   6.4294135e-01
   5.6514127e-01   2.7435882e-02
   5.6926615e-01   3.2478613e-02
   7.1019971e-01   8.9611542e-01
   7.0149507e-01   9.3401586e-01
   6.9662968e-01   7.3124839e-01
   6.5432435e-01   7.8460175e-01
   7.1496539e-01   7.1740653e-02
   5.2273269e-01   8.9245644e-01
   7.7742927e-01   9.1308890e-01
   8.5469934e-01   7.8281911e-01
   7.2661579e-01   2.7679496e-01
   7.6161140e-01   3.1545165e-01
   9.0117932e-01   4.5190504e-01
   6.5002192e-01   7.1768677e-01
   9.4368761e-01   6.2126658e-01
   9.6953961e-01   6.2558878e-01
   8.4528528e-01   3.5300561e-01
   7.0495562e-01   1.7019884e-01
   8.8067132e-01   2.5589478e-01
   5.2299863e-01   8.2134157e-01
   9.1733253e-01   3.7386723e-01
   7.1636041e-01   1.3710053e-01
   5.8021937e-01   2.2504340e-01
   5.2787673e-01   9.6667722e-01
   8.6103836e-01   1.5519357e-01
   7.4749830e-01   7.1849302e-01
   7.6881602e-01   4.0291461e-01
   8.6894980e-01   2.1224454e-01
   8.1396481e-01   7.0660163e-01
   8.8419561e-01   3.9102208e-01
   6.3890313e-01   9.6017374e-02
   6.7645936e-01   2.9013515e-01
   8.5848159e-01   1.5744238e-01
   6.9526427e-01   8.3576981e-01
   8.7006817e-01   3.9328172e-01
   6.9270168e-01   7.9123713e-01
   7.5411040e-01   1.2409838e-01
   5.0391897e-01   9.4002116e-01
   9.9265667e-01   5.6506119e-01
   5.5146694e-01   1.3604755e-02
   8.0659665e-01   3.1065480e-01
   5.3155121e-01   1.2732017e-01
   5.9980213e-01   5.3060667e-02
   9.6034611e-01   5.1446565e-01
   8.6340205e-01   6.1271779e-01
   9.2113792e-01   7.1024351e-01
   6.6611583e-01   8.9238518e-01
   8.2887387e-01   2.6079177e-01
   8.3855527e-01   4.6843021e-01
   7.9867287e-01   6.2657168e-01
   8.3771699e-01   3.1490599e-01
   8.7849865e-01   6.0614808e-01
   8.1824188e-01   2.3901689e-01
   5.3695045e-01   1.4789799e-01
   6.6642575e-01   8.2587413e-01
   6.6665785e-01   1.6741790e-01
   5.4169377e-01   1.1321722e-01
   8.3652878e-01   4.2671455e-01
   8.3505580e-01   2.3179515e-01
   6.8970727e-01   1.5420475e-01
   5.8864669e-01   2.0803781e-02
   8.7741967e-01   7.8768999e-01
   9.5351115e-01   6.5680733e-01
   8.1151527e-01   6.5166922e-01
   7.7551692e-01   5.6867319e-01
   6.0909169e-01   2.0736216e-01
   7.7836193e-01   7.7749194e-01
   6.1387232e-01   3.5246705e-02
   9.8672572e-01   5.6740425e-01
   8.3361058e-01   8.5169628e-01
   5.7693046e-01   8.9852725e-01
   9.5896145e-01   6.3039957e-01
   8.6196216e-01   3.9030406e-01
   8.4762097e-01   6.1629693e-01
   7.1515937e-01   1.0081858e-01
   9.1735214e-01   7.6025900e-01
   7.4433372e-01   9.1601617e-02
   5.8125799e-01   9.1006076e-01
   7.3693385e-01   4.1899553e-01
   6.7122589e-01   7.7100085e-02
   8.3213059e-01   8.6546006e-01
   8.1970652e-01   4.9633623e-01
   6.0394125e-01   8.4451794e-01
   7.8406263e-01   3.0253793e-01
   9.2094166e-01   4.1021292e-01
   7.2842426e-01   8.1317231e-01
   6.1923293e-01   7.7072921e-01
   7.3644134e-01   2.6094309e-01
   7.8101851e-01   7.9274046e-01
   8.7142647e-01   2.5549304e-01
   6.9575612e-01   6.8453785e-01
   8.2714200e-01   4.4323915e-01
   8.0862926e-01   8.1922113e-01
   5.0965175e-01   7.6254282e-01
   8.1581697e-01   5.4780992e-01
   7.2014085e-01   6.5284640e-02
   5.3047381e-01   8.0714658e-01
   6.0592323e-01   6.4036688e-02
   5.7360359e-01   2.0909916e-01
   8.2859988e-01   8.6901862e-01
   6.1638821e-01   9.7734720e-01
   6.0028456e-01   1.3992403e-02
   7.4603098e-01   7.9248692e-01
   7.0854453e-01   8.0909925e-01
   7.7841712e-01   8.3910933e-01
   6.3409244e-01   2.3104254e-01
   5.8004201e-01   7.5015319e-01
   9.7560497e-01   5.8097970e-01
   8.2544549e-01   3.4276113e-01
   7.5941756e-01   2.0457472e-01
   5.5174653e-01   8.3983326e-02
   9.3602610e-01   6.5399762e-01
   6.3437650e-01   1.1681704e-01
   9.6444725e-01   5.4981177e-01
   6.4482640e-01   9.0346515e-01
   7.1702012e-01   6.5906578e-01
   8.6228471e-01   1.6598395e-01
   7.4026329e-01   4.0481496e-01
   7.0141725e-01   8.8808523e-01
   6.8438851e-01   9.2601894e-01
   6.0504262e-01   9.7414006e-01
   8.0874117e-01   6.4065022e-01
   9.5163840e-01   3.9165580e-01
   7.7146069e-01   6.2218342e-01
   5.6531934e-01   2.5129152e-01
   8.9217716e-01   6.2611927e-01
   7.9332080e-01   6.2204537e-01
   7.0048315e-01   8.8489615e-01
   9.7435699e-01   6.1057990e-01
   5.8587674e-01   1.7806411e-01
   8.7834644e-01   3.7565046e-01
   5.5686672e-01   8.3397048e-01
   8.5789977e-01   2.3066133e-01
   7.5461914e-01   8.2850790e-01
   7.4982130e-01   1.1691041e-01
   5.8321269e-01   1.6665707e-01
   9.2206926e-01   3.3179339e-01
   7.3240644e-01   7.5487309e-01
   9.9120702e-01   4.4743037e-01
   7.9148994e-01   6.2381272e-01
   9.4036559e-01   3.2672377e-01
   6.8329341e-01   2.2069921e-01
   9.0851136e-01   3.2312545e-01
   5.5018976e-01   9.9587154e-01
   8.2417632e-01   8.6826762e-01
   7.3984514e-01   3.3208012e-01
   5.4562393e-01   7.6564265e-02
   9.3360973e-01   7.4123375e-01
   6.0310210e-01   9.1684140e-01
   9.4808286e-01   5.0075973e-01
   8.8745414e-01   5.3765567e-01
   7.9139737e-01   2.7220116e-01
   6.7728767e-01   8.6832493e-01
   9.5558737e-01   5.1442963e-01
   7.6102220e-01   3.2197379e-01
   8.6424772e-01   6.8967493e-01
   5.7136137e-01   2.0631136e-01
   8.4357485e-01   1.7420658e-01
   7.3056795e-01   1.5503372e-01
   7.7397050e-01   8.7081898e-01
   7.8035856e-01   7.4596697e-01
   5.2695984e-01   7.8042610e-01
   7.5625735e-01   9.0744215e-01
   7.5056384e-01   5.6676329e-01
   8.6346656e-01   2.1112182e-01
   7.6024545e-01   6.9137162e-01
   7.7199258e-01   6.7326153e-01
   7.6588654e-01   6.7101518e-01
   5.3298780e-01   9.9249713e-01
   6.7615397e-01   8.0713971e-01
   7.7564851e-01   6.2129295e-01
   8.2794149e-01   6.5986451e-01
   6.1466927e-01   8.5674804e-01
   6.0890479e-01   4.8948256e-02
   7.5229462e-01   3.5539732e-01
   6.8159551e-01   8.8264948e-01
   7.0014972e-01   1.0138057e-01
   9.6905559e-01   3.8446246e-01
   5.6187791e-01   3.4391664e-02
   8.7158499e-01   7.4588088e-01
   8.7891268e-01   7.3434980e-01
   5.0157108e-01   8.7829009e-02
   8.7521671e-01   8.2962373e-01
   6.5490076e-01   1.9183627e-01
   7.7495752e-01   3.9769254e-01
   7.6251480e-01   5.6538983e-01
   9.2201166e-01   7.4294952e-01
   8.9894885e-01   6.4819750e-01
   5.6944903e-01   2.3784616e-01
   8.2296056e-01   2.4996205e-01
   6.4414417e-01   8.0654733e-01
   6.9886162e-01   1.8132751e-01
   8.2035847e-01   8.1800200e-01
   7.1502353e-01   2.8526536e-01
   7.3260288e-01   2.0823497e-01
   9.0803046e-01   5.7473168e-01
   7.4702405e-01   3.2964310e-01
   9.3383876e-01   4.9128699e-01
   7.7426801e-01   1.1852308e-01
   8.8926084e-01   3.3128735e-01
   8.6237090e-01   3.3941943e-01
   7.9868626e-01   5.5791100e-01
   8.4135974e-01   1.9113941e-01
   7.9191917e-01   1.3453228e-01
   8.2631775e-01   7.0739988e-01
   8.8860242e-01   2.1843802e-01
   7.0085859e-01   1.6329442e-01
   8.1834503e-01   3.0676065e-01
   8.5500287e-01   3.8422876e-01
   7.7398186e-01   2.6640841e-01
   8.8470615e-01   3.7228062e-01
   5.2527526e-01   1.7331320e-01
   6.7431136e-01   7.2045372e-01
   5.5105354e-01   1.7150575e-02
   6.2981974e-01   1.7204530e-01
   9.3404954e-01   6.1263256e-01
   9.2629852e-01   3.1358198e-01
   5.3505076e-01   1.8791609e-01
   8.2750468e-01   7.9436993e-01
   8.8811553e-01   2.6018717e-01
   5.3457207e-01   7.5911107e-01
   6.4760005e-01   1.9223879e-01
   5.8837434e-01   8.6594656e-01
   9.7852794e-01   6.1674386e-01
   5.7413053e-01   8.7172948e-01
   7.4740099e-01   7.5383778e-01
   8.5150689e-01   5.0931645e-01
   5.3317258e-01   1.9926018e-01
   8.1123569e-01   4.1349070e-01
   5.2866557e-01   8.0792182e-01
   6.9904778e-01   2.7688277e-01
   8.9908583e-01   4.2214350e-01
   7.9029891e-01   3.6163746e-01
   7.3363002e-01   3.5875031e-01
   7.0068680e-01   2.8607630e-01
   9.1652755e-01   6.2365634e-01
   8.8881439e-01   2.5318083e-01
   6.3960389e-01   2.7117572e-01
   6.2850424e-01   1.3420185e-01
   8.6011131e-01   7.3188539e-01
   8.2234811e-01   1.3022904e-01
   6.4414157e-01   1.3487052e-01
   8.4050639e-01   6.0501953e-01
   5.6700591e-01   2.3265635e-01
   8.8916563e-01   7.5723562e-01
   6.3997473e-01   9.2127909e-01
   8.2254355e-01   4.5164591e-01
   9.3785791e-01   3.7256684e-01
   8.6583484e-01   6.6971202e-01
   7.3577156e-01   7.6494523e-01
   5.1290947e-01   2.4384991e-01
   6.6364576e-01   9.7280130e-02
   9.3184787e-01   7.3347087e-01
   7.5908799e-01   4.5084590e-01
   8.3652249e-01   7.2473461e-01
   5.4237634e-01   3.3205875e-02
   5.2765352e-01   2.4926315e-01
   8.7290089e-01   4.0710469e-01
   8.9926214e-01   6.4411832e-01
   8.0527532e-01   6.0078089e-01
   6.3612505e-01   8.3139884e-01
   7.7915303e-01   4.8204907e-01
   7.1776323e-01   8.9423965e-01
   6.9254388e-01   9.3813382e-01
   5.7376911e-01   8.4003586e-01
   6.4087678e-01   3.4634806e-02
   7.6830126e-01   1.3005710e-01
   5.6085086e-01   2.2351908e-01
   9.8165737e-01   4.5600473e-01
   5.0087690e-01   9.0907315e-01
   9.6503772e-01   4.7411902e-01
   5.8695566e-01   5.1799159e-02
   7.3731712e-01   1.3681973e-01
   8.4608977e-01   4.8543611e-01
   6.8371737e-01   9.3171918e-01
   8.4208146e-01   5.0114653e-01
   8.4718339e-01   5.6441220e-01
   9.0904387e-01   7.0522285e-01
   7.7746654e-01   5.3658989e-01
   8.5449988e-01   5.7060121e-01
   7.4609793e-01   4.3602503e-01
   8.1811213e-01   2.5742458e-01
   5.7866545e-01   8.1813203e-01
   6.1105708e-01   9.3351122e-01
   6.7776951e-01   9.6408014e-01
   7.2988696e-01   7.0429250e-01
   8.3963629e-01   1.5624643e-01
   7.2931098e-01   9.2832754e-01
   8.3991100e-01   4.8278589e-01
   7.6736220e-01   8.5333202e-01
   7.5001619e-01   1.6723652e-01
   8.9290345e-01   2.0847769e-01
   9.9866963e-01   5.1487278e-01
   8.5871031e-01   6.8742233e-01
   7.5760237e-01   5.1370162e-01
   5.8558217e-01   1.3975856e-02
   7.4454051e-01   3.1750324e-01
   7.8925639e-01   5.1588632e-01
   6.4528771e-01   2.3309338e-01
   8.7186756e-01   5.9154755e-01
   5.5560250e-01   1.4676224e-01
   9.9038008e-01   5.2895599e-01
   8.0545886e-01   8.4674996e-01
   6.9569312e-01   1.0586106e-01
   7.6018962e-01   1.2603251e-01
   8.1276370e-01   5.7918751e-01
   7.5712205e-01   6.5929650e-01
   5.4078234e-01   7.8972180e-01
   7.7479243e-01   7.1054387e-01
   8.6424464e-01   8.0823603e-01
   5.0371774e-01   8.7231040e-01
   9.6988692e-01   6.0595126e-01
   9.3563319e-01   5.2330117e-01
   8.7797990e-01   1.7689920e-01
   9.1556736e-01   5.4132866e-01
   5.6291370e-01   8.3014628e-01
   5.4756785e-01   2.1947798e-01
   5.6414831e-01   2.5150832e-01
   9.2678746e-01   5.2040990e-01
   7.7731244e-01   3.9699791e-01
   8.9104053e-01   7.0838545e-01
   5.9325527e-01   8.5881565e-01
   8.5817356e-01   4.3668481e-01
   8.5041277e-01   3.2180027e-01
   5.2818743e-01   9.9569156e-01
   6.8255540e-01   9.5411942e-01
   7.5706193e-01   5.6665376e-01
   8.1513879e-01   4.8727224e-01
   9.0957420e-01   6.5737595e-01
   9.2833734e-01   4.4705317e-01
   8.5476984e-01   7.3863114e-01
   7.7021743e-01   6.5718870e-01
   7.3074359e-01   1.1471447e-01
   7.5121812e-01   8.1059171e-01
   7.4638881e-01   7.6690401e-01
   7.9728350e-01   3.9162038e-01
   7.3279395e-01   1.3945096e-01
   7.5646309e-01   7.9854533e-01
   7.1171136e-01   9.2275444e-01
   7.7481634e-01   8.5789630e-01
   6.5002910e-01   3.4784166e-02
   6.9880626e-01   2.2208605e-01
   7.5299836e-01   4.7197685e-01
   5.7943844e-01   1.8861198e-01
   8.5037967e-01   8.2530138e-01
   7.3755833e-01   6.1173174e-02
   5.3024728e-01   8.6485710e-01
   8.5957686e-01   8.0393565e-01
   6.4184013e-01   8.0399653e-01
   6.1335236e-01   2.7081831e-01
   9.0900088e-01   5.9896470e-01
   7.9311065e-01   2.8909974e-01
   7.1649116e-01   1.7508854e-01
   9.9441563e-01   5.3100889e-01
   5.9734110e-01   9.0673089e-01
   7.1849139e-01   2.2458605e-01
   7.2505227e-01   8.0179974e-01
   7.9223926e-01   2.8686080e-01
   7.2597620e-01   7.6314400e-01
   9.1183809e-01   4.3056586e-01
   5.2599313e-01   7.5718438e-01
   8.3781199e-01   6.1020221e-01
   5.1609904e-01   6.5036097e-02
   5.4470435e-01   9.5138532e-01
   6.2193605e-01   7.9787512e-01
   6.7655296e-01   8.5441192e-01
   7.6142118e-01   1.4221731e-01
   8.8785142e-01   8.0971876e-01
   8.2150717e-01   5.7665488e-01
   8.6101271e-01   4.4103315e-01
   5.3387997e-01   2.1205101e-01
   9.7747383e-01   3.7414472e-01
   8.6721626e-01   6.9478228e-01
   8.8131494e-01   2.8519978e-01
   7.1288305e-01   7.1550252e-01
   8.7248774e-01   3.1514012e-01
   8.7481202e-01   4.9500350e-01
   5.5791489e-01   2.3581489e-01
   6.0995699e-01   9.8119687e-01
   9.6722575e-01   3.5662515e-01
   8.5260630e-01   6.7173046e-01
   7.6216226e-01   6.8056249e-01
   5.2505814e-01   8.9386936e-01
   7.5527034e-01   2.2095134e-01
   6.3760993e-01   7.0234813e-02
   9.2368976e-01   4.9322030e-01
   6.0616506e-01   9.1280428e-01
   5.9904448e-01   7.8195001e-01
   7.6759679e-01   5.5994163e-01
   9.0133919e-01   5.8958402e-01
   9.9383196e-01   5.4577858e-01
   8.6014357e-01   5.7434407e-01
   9.0594073e-01   6.3801964e-01
   7.9049716e-01   3.4706084e-01
   6.4050042e-01   2.8359623e-01
   5.8184525e-01   7.6701836e-01
   6.9515390e-01   1.2389024e-01
   8.6334558e-01   2.6670607e-01
   8.0429067e-01   1.8222743e-01
   6.5238688e-01   2.2354284e-01
   9.0671574e-01   5.8616770e-01
   7.9278505e-01   4.0389518e-01
   7.6619281e-01   8.6517506e-01
   8.0187887e-01   5.4947035e-01
   8.4680038e-01   2.2764485e-01
   9.6754425e-01   5.7557116e-01
   8.4320255e-01   4.2856706e-01
   5.5479199e-01   1.7915106e-01
   6.7851637e-01   7.3445084e-01
   9.1636952e-01   2.8633675e-01
   9.1271418e-01   2.6729822e-01
   7.3915830e-01   2.0030372e-01
   5.6421005e-01   8.8476764e-01
   7.5410495e-01   3.3091673e-01
   7.3481864e-01   7.8835126e-01
   8.8932165e-01   4.4948333e-01
   7.3128788e-01   7.2594637e-01
   6.2046923e-01   7.5061717e-01
   7.8181763e-01   5.0346999e-01
   5.6534894e-01   1.2298572e-01
   8.1232121e-01   2.2768038e-01
   8.4336403e-01   7.4775319e-01
   9.2848317e-01   7.3798128e-01
   7.6816777e-01   4.9615438e-01
   7.6308655e-01   6.7885987e-01
   9.2269742e-01   4.4174652e-01
   5.3409894e-01   8.9609457e-01
   6.6333600e-01   8.2566354e-01
   7.8654490e-01   2.6690758e-01
   9.0679032e-01   5.4263543e-01
   8.2256716e-01   1.4656728e-01
   7.4595472e-01   3.0289074e-01
   8.7266241e-01   1.7646086e-01
   6.9680664e-01   6.7143314e-01
   8.3463107e-01   5.9561418e-01
   8.2470889e-01   1.5966532e-01
   5.1576720e-01   1.1806767e-01
   6.6564954e-01   1.0857229e-01
   9.1740912e-01   2.9832450e-01
   6.7064825e-01   7.5855878e-01
   6.9303084e-01   2.6813518e-01
   8.0263502e-01   5.7142519e-01
   5.6301163e-01   8.1453528e-01
   6.0763845e-01   9.1976677e-01
   8.1836106e-01   7.9797752e-01
   7.5085497e-01   8.5350070e-01
   8.9229399e-01   7.3239157e-01
   6.5179111e-01   9.5857991e-02
   7.2768612e-01   2.8411838e-01
   8.6427984e-01   3.9900604e-01
   6.4612206e-01   1.8762803e-01
   6.9381500e-01   8.7806432e-01
   5.9416903e-01   8.9881827e-01
   7.6449691e-01   2.1836796e-01
   6.7121355e-01   8.6857328e-02
   9.5512762e-01   5.7312116e-01
   6.7827282e-01   5.9928767e-02
   5.6680988e-01   5.0342651e-02
   8.6435458e-01   7.9124171e-01
   9.4859468e-01   5.8697040e-01
   5.2531083e-01   8.1576973e-01
   8.6910898e-01   4.0425013e-01
   7.1717040e-01   9.0926282e-01
   5.3624015e-01   1.4230803e-01
   9.3719788e-01   4.4061113e-01
   8.7588469e-01   3.7560398e-01
   8.9740346e-01   7.3719069e-01
   6.2958334e-01   2.0769937e-01
   7.1468447e-01   9.0007793e-01
   8.0091300e-01   8.6533329e-01
   8.7920712e-01   5.0015390e-01
   6.3816281e-01   8.9589667e-01
   8.5574678e-01   5.7440309e-01
   7.2835437e-01   9.2222054e-01
   8.8776450e-01   4.7704256e-01
   7.7534035e-01   2.4288045e-01
   8.9282056e-01   7.8539663e-01
   8.1298346e-01   2.6956121e-01
   5.1310115e-01   9.8954183e-01
   8.1009704e-01   7.4108077e-01
   5.7511867e-01   2.5271869e-01
   8.8486786e-01   2.9859662e-01
   8.1173256e-01   6.1742450e-01
   8.9377331e-01   3.3415323e-01
   8.5527474e-01   3.8958538e-01
   8.4008673e-01   8.4294701e-01
   7.8007707e-01   3.2538100e-01
   5.7581273e-01   1.3373691e-01
   5.5196321e-01   7.7135256e-01
   9.3902053e-01   3.4861916e-01
   7.8264745e-01   1.3907773e-01
   9.5701083e-01   4.2558542e-01
   8.1914445e-01   4.0101803e-01
   9.3894022e-01   4.9294690e-01
   8.2943750e-01   3.4992040e-01
   6.2502733e-01   1.4193397e-01
   9.2086830e-01   7.4616245e-01
   6.8853624e-01   7.1697003e-01
   8.4371744e-01   8.1013333e-01
   8.4921069e-01   2.7281290e-01
   6.2987944e-01   2.6623972e-01
   6.1121226e-01   1.0224275e-01
   5.8027251e-01   1.9197238e-01
   9.3104481e-01   2.5434167e-01
   5.9399736e-01   1.6798552e-01
   6.1528622e-01   8.4341052e-01
   7.5424997e-01   4.4051116e-01
   7.0916003e-01   3.5485230e-01
   5.3968428e-01   5.3927372e-02
   8.1915423e-01   6.2780760e-01
   8.7750961e-01   4.6525209e-01
   5.1002270e-01   1.3573371e-01
   6.4782697e-01   1.5734636e-01
   7.6097186e-01   2.3168350e-01
   5.5052501e-01   1.4605883e-01
   5.4676302e-01   2.3433462e-01
   8.3088136e-01   6.6371701e-01
   9.5835264e-01   4.6155460e-01
   6.3973031e-01   8.0094662e-01
   5.9123395e-01   1.5892485e-01
   5.0167347e-01   9.1292790e-01
   9.5274044e-01   5.0572945e-01
   6.7421453e-01   8.3292813e-01
   5.3051199e-01   8.1481871e-01
   8.0668597e-01   3.7766401e-01
   6.9038280e-01   2.1012603e-01
   7.2680445e-01   7.9801809e-01
   7.0620228e-01   7.3892077e-01
   8.9468853e-01   7.9392865e-01
   5.9818366e-01   9.5668300e-01
   6.4089379e-01   7.1883437e-02
   5.8687277e-01   2.2072482e-01
   8.0139751e-01   6.0204639e-01
   9.3663756e-01   4.5709903e-01
   7.7095808e-01   3.8053559e-01
   5.1551293e-01   8.9627414e-01
   5.3150665e-01   9.7538606e-01
   8.9247423e-01   5.9436090e-01
   7.1806892e-01   2.5465709e-01
   7.6454987e-01   6.8839398e-01
   6.4877109e-01   1.2012555e-01
   7.3260555e-01   1.9806203e-01
   5.5846773e-01   8.1877331e-01
   5.6049702e-01   1.0819301e-01
   9.0806973e-01   4.8785988e-01
   8.3368112e-01   1.6828181e-01
   7.7236509e-01   2.1484032e-01
   7.5654363e-01   8.1511794e-01
   6.2173587e-01   7.3110765e-01
   7.4670746e-01   2.8066708e-01
   7.9932218e-01   8.4140293e-01
   8.5372676e-01   4.4063299e-01
   7.5846498e-01   4.7829888e-01
   5.5208094e-01   1.4031477e-01
   9.0852769e-01   3.8454668e-01
   6.4977780e-01   8.2057097e-01
   6.9748330e-01   2.5769891e-01
   5.4146161e-01   4.8527880e-02
   6.8711917e-01   8.8834719e-01
   9.5801870e-01   6.8393493e-01
   7.8965375e-01   4.1482902e-01
   8.3767223e-01   7.4038377e-01
   7.4549074e-01   3.3913129e-01
   5.3850340e-01   7.9362744e-01
   9.1086257e-01   2.4016341e-01
   7.7145556e-01   8.5271548e-01
   7.1213874e-01   1.2887428e-01
   8.5297206e-01   5.9437980e-01
   6.1965940e-01   8.0294663e-01
   8.3312653e-01   2.0238844e-01
   7.9652428e-01   4.1242208e-01
   9.3299399e-01   5.8316169e-01
   9.1468778e-01   4.1989463e-01
   7.8947918e-01   7.5123582e-01
   7.3807110e-01   8.9934207e-01
   8.0735151e-01   5.4096409e-01
   8.7119617e-01   4.2058309e-01
   7.8960985e-01   4.2002666e-01
   8.8244558e-01   4.0979514e-01
   7.8317596e-01   4.7247067e-01
   9.6546117e-01   3.8671036e-01
   7.9831689e-01   1.8739620e-01
   9.4634695e-01   4.4665731e-01
   9.2355992e-01   3.3341031e-01
   9.0159456e-01   6.3897440e-01
   9.3219481e-01   5.0255877e-01
   6.3500140e-01   8.3170725e-01
   8.6928080e-01   4.1967815e-01
   9.3349731e-01   7.4189754e-01
   5.4988606e-01   9.6660839e-01
   8.4126547e-01   6.8917613e-01
   8.6935097e-01   3.6012796e-01
   5.5416642e-01   7.6864101e-02
   7.5801104e-01   3.5657655e-01
   5.9646268e-01   9.6451082e-01
   8.5526269e-01   1.8560560e-01
   7.0063759e-01   8.7458895e-01
   5.6659416e-01   7.2247975e-02
   7.8733182e-01   5.0851153e-01
   7.0940600e-01   7.1066022e-01
   9.2851586e-01   3.9737147e-01
   5.6107525e-01   2.3182076e-01
   5.7841531e-01   8.5322112e-02
   5.3102180e-01   9.0117016e-01
   8.0828638e-01   6.7917322e-01
   8.5749833e-01   8.4302435e-01
   6.5085245e-01   9.9186366e-02
   5.7359942e-01   2.3508341e-01
   8.0183089e-01   4.7096407e-01
   5.3053324e-01   8.3164747e-01
   9.2973758e-01   3.0662641e-01
   6.1406122e-01   1.9836317e-01
   9.1759658e-01   7.2371701e-01
   8.4723138e-01   6.4441306e-01
   7.4349884e-01   3.8002198e-01
   9.4781525e-01   7.1606886e-01
   6.1308473e-01   8.4941694e-01
   7.8281179e-01   7.3099662e-01
   5.7035602e-01   1.5640094e-01
   5.0794809e-01   8.3291464e-01
   7.1473687e-01   1.3280493e-01
   9.3471915e-01   7.0262542e-01
   7.4486029e-01   8.2582661e-01
   9.5474981e-01   6.3363115e-01
   5.7281377e-01   7.6384276e-01
   8.2435355e-01   5.9493432e-01
   7.2649415e-01   1.4069282e-01
   7.4942422e-01   8.5516567e-01
   9.2344764e-01   3.5764604e-01
   7.3728138e-01   7.5974775e-01
   9.3129384e-01   4.6744981e-01
   5.8557705e-01   3.1595462e-02
   6.4138431e-01   6.8420097e-02
   6.1120867e-01   7.3114430e-01
   8.2757548e-01   7.2997667e-01
   9.5370686e-01   4.3118736e-01
   5.4777508e-01   1.5927462e-01
   5.6688763e-01   7.1174387e-02
   5.5678854e-01   8.7629752e-01
   9.3332553e-01   2.5871393e-01
   6.0452797e-01   1.8911878e-01
   5.2917290e-01   2.4235960e-01
   5.4921222e-01   7.7558480e-02
   8.2605559e-01   2.4477317e-01
   7.1795175e-01   2.5364721e-01
   9.2900448e-01   7.3328036e-01
   6.2814250e-01   2.7179159e-01
   6.2514096e-01   9.2031961e-01
   8.0843808e-01   4.1550540e-01
   8.1180814e-01   3.6673091e-01
   8.2834767e-01   2.9477676e-01
   7.8953706e-01   6.9343461e-01
   8.1938661e-01   3.4222755e-01
   8.2628513e-01   5.8557127e-01
   5.5013794e-01   9.4526217e-01
   7.9785505e-01   1.4155539e-01
   6.6592530e-01   7.3356932e-02
   8.0522784e-01   5.2423750e-01
   6.1482876e-01   8.5928433e-01
   8.4705188e-01   2.4080061e-01
   7.0295449e-01   8.6092471e-02
   7.2049310e-01   3.1081981e-01
   5.7938303e-01   9.7447043e-01
   9.3657072e-01   3.5031032e-01
   7.6967043e-01   6.6955617e-01
   7.3817302e-01   2.3607965e-01
   6.5302618e-01   8.5481880e-01
   5.4694958e-01   8.8446568e-01
   7.0035941e-01   8.6452781e-01
   7.3097011e-01   8.4450240e-01
   7.6967296e-01   5.0236083e-01
   7.7914049e-01   8.7617710e-01
   7.2334869e-01   3.3319033e-01
   8.2820857e-01   1.3648255e-01
   9.8366084e-01   5.6294232e-01
   5.5030795e-01   7.6448066e-01
   6.7970041e-01   6.9624863e-01
   7.5419691e-01   3.2537960e-01
   5.4566510e-01   1.5325719e-01
   9.1554322e-01   4.9856120e-01
   6.7705073e-01   2.5232216e-01
   7.4967859e-01   5.1278457e-01
   7.6601818e-01   8.9313391e-01
   7.7248090e-01   4.2338561e-01
   8.1316033e-01   6.6895564e-01
   5.8491657e-01   8.8978999e-02
   5.9708312e-01   1.3565444e-01
   6.0491962e-01   8.2091226e-01
   5.8246702e-01   1.2658670e-01
   5.5742310e-01   8.8239420e-02
   6.1948911e-01   1.3651722e-01
   5.1401200e-01   1.4129795e-01
   5.9500574e-01   2.1906972e-01
   9.0755914e-01   2.5535051e-01
   9.3608777e-01   7.2349840e-01
   7.4144618e-01   2.9006502e-01
   6.9644713e-01   1.5351995e-01
   7.3548035e-01   1.1902229e-01
   6.2136840e-01   2.4628140e-01
   9.3061453e-01   5.7857857e-01
   5.2586423e-01   2.4057934e-01
   5.5076744e-01   1.6518715e-01
   6.7568874e-01   8.2706246e-01
   7.5526552e-01   3.2605606e-01
   8.8618519e-01   5.4753389e-01
   8.4545294e-01   1.5451744e-01
   6.8409837e-01   1.9775108e-01
   9.5612175e-01   3.4542892e-01
   7.7045735e-01   8.9322400e-01
   8.6277738e-01   5.0599908e-01
   5.1697554e-01   1.3829410e-01
   7.4739160e-01   1.6664760e-01
   9.5137009e-01   3.4913717e-01
   7.5668963e-01   3.3024721e-01
   7.6726360e-01   6.1654479e-01
   5.5668529e-01   7.9256323e-02
   8.7134237e-01   7.5330155e-01
   7.9014221e-01   3.3017826e-01
   7.8650144e-01   6.3298791e-01
   5.0804327e-01   7.5928004e-01
   6.3812458e-01   1.7844660e-01
   7.4938680e-01   5.6541846e-01
   7.6178504e-01   7.8794997e-01
   5.0328160e-01   9.9357194e-01
   8.3483661e-01   1.4688139e-01
   7.6777563e-01   1.5704025e-01
   8.3799109e-01   7.7134720e-01
   6.5269976e-01   8.9051317e-02
   5.3868786e-01   4.2036187e-02
   9.3383000e-01   5.1408689e-01
   7.7460815e-01   4.6304421e-01
   9.4144450e-01   3.5788017e-01
   9.1191253e-01   7.3183988e-01
   6.9730011e-01   9.5409113e-01
   7.2304490e-01   2.0721265e-01
   7.2883154e-01   3.4984147e-01
   6.7598223e-01   4.0412889e-02
   7.9934432e-01   8.4243774e-01
   6.8839412e-01   1.9705059e-01
   9.2502068e-01   3.5531407e-01
   8.5896863e-01   2.1779856e-01
   5.2298709e-01   1.7929451e-01
   6.1189324e-01   8.4191857e-01
   6.8469232e-01   8.7262162e-01
   8.4250057e-01   4.4988376e-01
   6.0841509e-01   9.2232487e-01
   7.5894236e-01   7.7884522e-01
   8.9181754e-01   2.4102471e-01
   9.6802269e-01   5.1234840e-01
   7.8976257e-01   2.6813774e-01
   7.6875370e-01   6.8714104e-01
   7.7583394e-01   4.4017048e-01
   5.8830636e-01   7.5216931e-01
   9.1742175e-01   2.2863661e-01
   5.2462653e-01   7.5771712e-01
   6.6581278e-01   8.4238229e-01
   5.4590380e-01   8.1574042e-01
   7.2348627e-01   8.6010982e-01
   7.7047479e-01   2.9021444e-01
   7.5081301e-01   2.0115765e-01
   7.9411196e-01   3.9879394e-01
   8.0504486e-01   3.6363260e-01
   6.9475047e-01   6.6149002e-01
   5.1469666e-01   9.4264921e-01
   7.5173599e-01   6.5169316e-01
   5.0256555e-01   9.1650441e-01
   7.5500439e-01   8.6463279e-01
   7.0750704e-01   9.3243811e-01
   8.6864619e-01   5.1348533e-01
   8.2201102e-01   7.0771440e-01
   7.1312375e-01   7.0477067e-01
   7.1544825e-01   1.1205535e-01
   5.8363234e-01   2.2573916e-02
   9.2743260e-01   5.5883299e-01
   8.5401702e-01   4.1822892e-01
   9.6605647e-01   5.5957937e-01
   9.6625208e-01   3.8554283e-01
   6.3139415e-01   1.6911215e-01
   9.5533594e-01   4.6617712e-01
   6.4234690e-01   1.0557398e-01
   5.0916068e-01   2.3121682e-01
   8.8947390e-01   2.5595384e-01
   7.3551205e-01   2.8602195e-01
   9.0127394e-01   6.3831628e-01
   8.2346095e-01   1.6556913e-01
   8.5821390e-01   6.7095299e-01
   7.8269757e-01   7.4754132e-01
   9.3115274e-01   5.2104871e-01
   9.6992482e-01   6.6144257e-01
   5.6061074e-01   3.7547069e-02
   7.3078092e-01   8.6494510e-01
   8.4439218e-01   4.7772647e-01
   8.5527935e-01   5.4196203e-01
   7.5820149e-01   3.2095952e-01
   9.1654078e-01   6.6432091e-01
   5.8174112e-01   7.8012816e-02
   6.9736208e-01   1.9896155e-01
   5.9043880e-01   2.5425691e-01
   8.7748705e-01   7.4887277e-01
   8.3767119e-01   6.3274060e-01
   5.3396397e-01   8.7031696e-01
   8.2735904e-01   2.2123279e-01
   6.5511994e-01   8.5812168e-01
   8.5379226e-01   7.1706679e-01
   6.3851934e-01   9.4055571e-01
   7.0797841e-01   1.5773540e-01
   7.9427848e-01   7.6819168e-01
   7.7494561e-01   1.7806127e-01
   7.7002048e-01   5.4802461e-01
   9.3097257e-01   3.6161159e-01
   6.4922072e-01   8.7682303e-01
   6.7872432e-01   1.8621625e-01
   7.4086212e-01   3.2164160e-01
   7.7244205e-01   2.7811404e-01
   9.2247773e-01   6.1881824e-01
   5.9287584e-01   1.6420525e-01
   9.1467745e-01   4.2059110e-01
   5.1860425e-01   1.3470112e-01
   8.0418588e-01   4.0668248e-01
   8.4965160e-01   4.9910355e-01
   5.1397363e-01   9.0145417e-01
   8.0098302e-01   2.2559851e-01
   9.6115324e-01   6.8633975e-01
   9.5418459e-01   5.4705803e-01
   8.3774761e-01   5.2727058e-01
   9.4817882e-01   5.3510251e-01
   7.3444008e-01   7.2018659e-01
   6.0174210e-01   8.9706378e-01
   9.1859285e-01   6.9471882e-01
   5.5146883e-01   8.0451365e-01
   8.9826639e-01   6.8461019e-01
   6.4806223e-01   9.1765835e-01
   7.6925955e-01   7.9190128e-01
   7.9233884e-01   5.3415234e-01
   9.6196454e-01   5.3095408e-01
   7.7685600e-01   3.0278655e-01
   9.2026684e-01   3.0907257e-01
   6.0449505e-01   7.5769436e-01
   5.3647090e-01   9.5806055e-01
   9.3247521e-01   3.2699778e-01
   5.1289579e-01   1.8265704e-02
   7.5355221e-01   8.5174733e-01
   7.6473925e-01   8.0450904e-01
   6.5116726e-01   8.7185763e-01
   7.6256293e-01   6.0551765e-01
   7.4826897e-01   5.3846466e-01
   6.3819389e-01   1.7179596e-01
   8.8459617e-01   3.0417947e-01
   9.1104574e-01   6.6301372e-01
   5.5132005e-01   8.8234734e-02
   7.1084377e-01   2.2416760e-01
   6.1659853e-01   8.0145219e-01
   7.3867971e-01   7.9671230e-01
   8.4373116e-01   6.6282994e-01
   8.4955322e-01   5.1364528e-01
   7.3630111e-01   3.2105414e-01
   5.8118033e-01   7.5673410e-01
   6.2539108e-01   9.7506485e-02
   5.1699993e-01   2.3401309e-01
   7.9125850e-01   1.1419765e-01
   8.7818753e-01   5.3838210e-01
   7.5357749e-01   2.6964308e-01
   9.1283506e-01   4.1362583e-01
   9.3376810e-01   5.1677781e-01
   7.4532720e-01   7.7093095e-01
   9.1100355e-01   6.9748926e-01
   8.2311927e-01   1.5003141e-01
   6.1284816e-01   8.5969353e-01
   9.1257090e-01   7.6259369e-01
   5.4419198e-01   8.9415315e-01
   6.5315016e-01   5.5215922e-02
   7.2399692e-01   2.6682775e-01
   8.0025928e-01   1.5605043e-01
   5.6991191e-01   1.0924343e-01
   8.7749656e-01   3.2905692e-01
   6.6116022e-01   7.9056367e-01
   9.6366360e-01   3.3898567e-01
   8.2781972e-01   6.6805069e-01
   9.7821481e-01   4.6355890e-01
   5.5953068e-01   1.1778678e-02
   9.6139095e-01   4.1098551e-01
   9.1851139e-01   4.6235720e-01
   7.2309397e-01   3.1320906e-01
   8.9005762e-01   4.9800274e-01
   9.4754354e-01   3.9213733e-01
   9.3028355e-01   3.4076370e-01
   7.6853521e-01   3.8769381e-01
   8.0101867e-01   4.2801962e-01
   5.1367668e-01   1.8217550e-01
   8.4322531e-01   4.2450549e-01
   8.3116227e-01   6.5299960e-01
   8.7322490e-01   2.1724082e-01
   7.9592784e-01   4.9389778e-01
   5.1120890e-01   2.3213150e-01
   7.8689791e-01   6.8553056e-01
   6.1759391e-01   7.3530317e-01
   8.1870838e-01   6.2170995e-01
   7.0524428e-01   6.7342125e-01
   7.1411871e-01   7.7387633e-01
   9.6461294e-01   6.4812015e-01
   8.1895273e-01   8.1106217e-01
   8.3765522e-01   4.8213509e-01
   5.2757118e-01   1.7073062e-01
   7.3780882e-01   8.6297081e-01
   6.1597248e-01   7.3525107e-01
   7.7834742e-01   2.6664775e-01
   5.7681823e-01   1.8007884e-01
   9.8124588e-01   6.2635949e-01
   9.1236567e-01   3.8474541e-01
   7.4022412e-01   2.1214583e-01
   8.7159391e-01   5.0365555e-01
   8.3167137e-01   4.7371774e-01
   8.0141361e-01   5.1672966e-01
   5.1091654e-01   9.4550832e-01
   8.5490968e-01   7.2620641e-01
   6.7443208e-01   7.9473094e-01
   7.8323289e-01   7.2651468e-01
   8.3798555e-01   1.5174513e-01
   7.1819817e-01   7.5885408e-01
   7.9100147e-01   7.5579441e-01
   6.9625846e-01   7.5818337e-01
   5.2867921e-01   1.1185834e-02
   5.0015478e-01   1.2109596e-01
   7.9562444e-01   2.1197386e-01
   6.1061488e-01   2.2491460e-01
   8.3931981e-01   2.5104649e-01
   8.6296818e-01   8.3903582e-01
   6.9532254e-01   6.8244513e-01
   7.1498846e-01   1.7958446e-01
   7.4714074e-01   8.5564717e-01
   9.4969114e-01   2.8708002e-01
   8.0211677e-01   4.9760346e-01
   7.3303463e-01   8.9956435e-01
   9.0742489e-01   7.0168773e-01
   5.8906012e-01   2.6008581e-01
   5.7262878e-01   1.0914935e-01
   7.2884429e-01   3.8325487e-01
   8.6699324e-01   2.2194319e-01
   7.6646599e-01   4.4966573e-01
   5.4504550e-01   2.4262885e-01
   8.5513749e-01   2.7786399e-01
   7.4406241e-01   6.3958940e-02
   5.2857903e-01   5.2756344e-02
   5.7549054e-01   1.1376729e-01
   8.6970081e-01   6.8783843e-01
   7.9147534e-01   7.3164412e-01
   7.2266415e-01   2.9275205e-01
   6.8711773e-01   1.4432436e-01
   9.1297565e-01   5.5733610e-01
   8.0215337e-01   7.5171320e-01
   9.1616055e-01   3.0104617e-01
   5.4382359e-01   8.6044833e-01
   5.3823322e-01   7.9016509e-01
   8.8064958e-01   3.9863483e-01
   8.8178637e-01   5.6388776e-01
   7.9022860e-01   5.8886247e-01
   6.8665176e-01   1.2999693e-01
   9.9228054e-01   4.4605329e-01
   9.0541364e-01   3.5616053e-01
   5.3292928e-01   8.4126701e-02
   5.4393227e-01   7.3575747e-02
   9.4984319e-01   5.2274311e-01
   7.6717209e-01   4.2723810e-01
   7.0233425e-01   9.1277070e-01
   6.4419267e-01   2.6929509e-01
   5.0951745e-01   9.2836509e-02
   7.1887201e-01   3.2863410e-01
   5.1593795e-01   8.1575460e-01
   9.8028003e-01   3.8604871e-01
   8.8811566e-01   6.0216648e-01
   8.2776272e-01   3.5819965e-01
   6.6750533e-01   7.1091963e-01
   8.7392243e-01   2.7661473e-01
   7.1346418e-01   9.8316077e-02
   5.1493320e-01   8.5815811e-01
   8.3382630e-01   1.6280394e-01
   9.4548902e-01   6.9502688e-01
   5.3380485e-01   8.8981958e-01
   6.9323040e-01   7.9975365e-01
   7.7680178e-01   5.3934812e-01
   7.3992201e-01   7.3374107e-01
   5.7871533e-01   9.9071319e-01
   8.5669260e-01   5.2133645e-01
   7.6593277e-01   1.3206531e-01
   7.5002247e-01   4.1530074e-01
   8.1523379e-01   5.9744819e-01
   7.5800737e-01   9.1115184e-01
   7.8610880e-01   5.6855564e-01
   6.1487586e-01   7.4750774e-01
   5.6926075e-01   9.1714038e-01
   6.2401881e-01   2.6265726e-01
   8.8267056e-01   2.0641398e-01
   5.2502450e-01   9.1624280e-01
   7.2732460e-01   6.1374374e-01
   7.1589619e-01   6.5636022e-01
   6.0835576e-01   1.6176039e-01
   5.5276482e-01   1.8163883e-01
   8.6372287e-01   4.1377203e-01
   7.8866179e-01   7.3704181e-01
   8.5609733e-01   8.3244273e-01
   8.4268750e-01   7.6211420e-01
   7.9518909e-01   5.7531051e-01
   6.0985375e-01   2.4973018e-01
   6.8868799e-01   1.1776024e-01
   9.6929630e-01   4.1971551e-01
   6.6242836e-01   9.9262356e-02
   6.5773103e-01   7.5251289e-01
   8.9268449e-01   7.2013901e-01
   9.2002923e-01   7.3464775e-01
   5.2352318e-01   8.6622966e-01
   8.5159383e-01   5.4621332e-01
   5.7320087e-01   2.1194158e-01
   5.9822751e-01   9.4768530e-01
   7.4985810e-01   3.6150616e-01
   8.2740691e-01   3.4702845e-01
   7.5666758e-01   6.6498791e-01
   8.2630390e-01   5.9612919e-01
   5.3648996e-01   8.9592318e-01
   9.1098136e-01   4.6345029e-01
   7.5998594e-01   1.3813531e-01
   5.8612765e-01   8.4007234e-01
   6.6446718e-01   8.4474712e-01
   5.4450567e-01   2.4878928e-01
   8.7596703e-01   2.3800627e-01
   8.6188515e-01   3.6616177e-01
   7.6026205e-01   2.6415200e-01
   8.3082880e-01   4.5540224e-01
   8.8222749e-01   2.3049163e-01
   7.4370651e-01   8.1446639e-02
   5.0390046e-01   8.2026385e-01
   8.6442652e-01   5.2982352e-01
   7.8425459e-01   4.4028148e-01
   8.2252079e-01   8.6465918e-01
   8.6294925e-01   3.4512989e-01
   7.5001550e-01   2.6279763e-01
   8.1461781e-01   1.7862006e-01
   8.4253786e-01   7.5778566e-01
   8.3930677e-01   4.0496572e-01
   6.8362489e-01   8.8362640e-01
   9.2328646e-01   4.5457759e-01
   7.9918408e-01   8.6287242e-01
   6.0865306e-01   7.9598865e-01
   9.7151626e-01   3.5896171e-01
   5.0094859e-01   3.5008011e-02
   5.4455435e-01   8.2645556e-01
   7.8299434e-01   8.0078743e-01
   9.3515563e-01   4.9511467e-01
   8.6471484e-01   7.9647442e-01
   7.7661116e-01   8.7717929e-01
   8.7163855e-01   4.3131286e-01
   6.0209017e-01   2.4922440e-01
   7.3835577e-01   1.3401271e-01
   8.9710487e-01   7.7763512e-01
   5.6731061e-01   7.5507241e-01
   9.2102944e-01   4.1613902e-01
   7.1351230e-01   8.7459891e-01
   6.4597652e-01   1.8997675e-01
   7.6009479e-01   5.0145693e-01
   5.4631322e-01   2.3452951e-01
   6.1682907e-01   9.5718022e-01
   9.5048980e-01   5.3751644e-01
   7.2690062e-01   2.8827318e-01
   5.1633291e-01   2.1884709e-01
   6.4479620e-01   2.9563313e-01
   9.4221047e-01   6.2265997e-01
   7.6745828e-01   9.2134889e-01
   7.8705022e-01   1.0344261e-01
   6.6883015e-01   2.9821598e-01
   6.1985457e-01   1.5251335e-01
   5.7695593e-01   1.4701272e-01
   8.0769915e-01   1.9336234e-01
   7.5375072e-01   1.1214135e-01
   9.4935275e-01   5.3833448e-01
   6.3722272e-01   2.8525213e-01
   6.7599551e-01   1.6693118e-01
   7.2716791e-01   3.6551290e-01
   6.5898783e-01   7.2151671e-01
   6.8132529e-01   8.3333691e-01
   8.3045848e-01   6.5942104e-01
   8.2143098e-01   1.6716416e-01
   8.8526722e-01   3.6711852e-01
   5.2395614e-01   7.9895679e-01
   7.1105044e-01   2.0466268e-01
   9.2189435e-01   2.8929587e-01
   8.3294778e-01   8.6420685e-01
   8.9771348e-01   7.7220415e-01
   8.6837502e-01   7.7279302e-01
   6.9821216e-01   7.2465758e-01
   9.8088355e-01   4.4279739e-01
   7.5326325e-01   3.0395020e-01
   6.5041893e-01   8.5241922e-01
   7.3510255e-01   6.8673862e-01
   7.5788713e-01   7.2719320e-01
   8.1546024e-01   3.2085066e-01
   8.3394899e-01   3.7524162e-01
   9.9107614e-01   5.2266671e-01
   8.4472489e-01   5.4124739e-01
   7.0969433e-01   9.3484511e-01
   5.4837163e-01   8.4501878e-01
   9.3093275e-01   2.8477616e-01
   7.1113819e-01   1.6560376e-01
   7.8325618e-01   3.5821724e-01
   8.0865112e-01   6.0711457e-01
   5.3712396e-01   2.3282554e-01
   5.0736857e-01   2.1689031e-01
   8.0245207e-01   8.0472032e-01
   6.6329821e-01   1.1718103e-01
   5.9500289e-01   8.2498999e-01
   5.4075028e-01   3.9212843e-02
   9.7336685e-01   4.9423821e-01
   7.0310027e-01   6.7826395e-02
   6.2260513e-01   7.7997870e-01
   5.4765695e-01   8.3234184e-02
   6.3508808e-01   7.7289268e-02
   5.5991647e-01   8.4854440e-01
   5.7878922e-01   4.3036886e-02
   9.0865077e-01   5.6034257e-01
   5.3296024e-01   7.8814321e-01
   8.5909532e-01   4.8969280e-01
   8.4380761e-01   5.4041599e-01
   7.5484345e-01   4.8779399e-01
   6.1256863e-01   1.3544594e-01
   6.3559643e-01   9.7606684e-01
   6.6819550e-01   7.7062162e-01
   5.3630155e-01   4.6681557e-02
   7.9707709e-01   4.6945054e-01
   6.0557796e-01   9.5661403e-01
   7.9892097e-01   6.8110701e-01
   8.9660504e-01   6.7457027e-01
   6.8071829e-01   8.2647858e-01
   7.2744762e-01   3.7573193e-01
   8.5482517e-01   4.2834867e-01
   5.7648306e-01   9.5543305e-01
   6.3674857e-01   8.7445674e-01
   6.0034014e-01   8.7225292e-01
   8.2207166e-01   7.2718149e-01
   8.6640254e-01   4.5627489e-01
   5.3809593e-01   8.2839808e-01
   7.2433344e-01   7.9509022e-01
   8.9463016e-01   4.6037971e-01
   6.8192835e-01   7.2075034e-01
   8.5199178e-01   4.4430790e-01
   6.4733079e-01   1.7732967e-01
   9.2479421e-01   2.5171899e-01
   6.3481164e-01   7.8606179e-01
   7.7162504e-01   1.4751560e-01
   5.7171541e-01   4.3356684e-02
   5.6910188e-01   9.7531687e-01
   8.9281608e-01   6.5786302e-01
   7.8568658e-01   8.4216624e-01
   8.0623729e-01   1.1812115e-01
   6.3572443e-01   9.5594655e-02
   7.3565559e-01   3.0416710e-01
   5.4449348e-01   8.2611051e-01
   9.1842613e-01   6.3087197e-01
   7.3263653e-01   7.7467691e-01
   8.3080301e-01   8.1331213e-01
   6.6643724e-01   6.9633366e-01
   6.7879266e-01   8.3716651e-01
   8.6692044e-01   3.0780664e-01
   6.4320891e-01   7.9863852e-01
   9.0919557e-01   5.5017139e-01
   7.8552881e-01   2.4103893e-01
   8.5474758e-01   8.2599425e-01
   5.8137270e-01   5.7405864e-02
   6.8077597e-01   9.2717204e-01
   7.9711469e-01   5.5244498e-01
   9.8240075e-01   4.3363618e-01
   7.3778197e-01   2.0360903e-01
   5.1164711e-01   9.4189111e-01
   9.0214856e-01   4.1356577e-01
   5.5250004e-01   9.9714889e-01
   8.2281011e-01   2.7989146e-01
   8.2344399e-01   8.7098613e-01
   8.1490940e-01   1.4880176e-01
   5.4565829e-01   9.3596204e-01
   5.6842548e-01   8.8913548e-02
   5.8382250e-01   7.8103125e-01
   6.7905936e-01   1.7875999e-01
   7.9954438e-01   4.0905463e-01
   7.7560387e-01   3.9467098e-01
   6.6917841e-01   3.0485375e-01
   7.8330914e-01   8.1537044e-01
   6.2175233e-01   1.5486666e-01
   5.5073098e-01   1.8010477e-01
   7.9094413e-01   5.4346232e-01
   7.7062940e-01   7.1287601e-01
   9.1525975e-01   5.6529167e-01
   6.3922140e-01   7.5880092e-02
   7.2071818e-01   7.6410920e-01
   7.4870601e-01   8.4553161e-01
   8.7039732e-01   7.1902244e-01
   8.0186923e-01   2.6952381e-01
   7.2961295e-01   7.8740033e-01
   9.7830660e-01   3.8763990e-01
   7.9361394e-01   3.8858239e-01
   8.3814207e-01   7.9231374e-01
   6.1484780e-01   8.4154665e-02
   6.1231563e-01   1.4244507e-01
   9.5093677e-01   4.2252063e-01
   9.6447366e-01   4.5602508e-01
   8.4004632e-01   2.7604855e-01
   9.3563915e-01   4.5233155e-01
   5.9824863e-01   2.4423618e-01
   9.6043548e-01   4.3565327e-01
   5.4609815e-01   9.7143595e-02
   6.4300568e-01   5.7578244e-02
   8.4182338e-01   1.9039897e-01
   8.3247711e-01   5.8247353e-01
   5.9994127e-01   1.8285343e-01
   6.9392244e-01   9.1942276e-01
   9.6300250e-01   6.5837730e-01
   5.1056263e-01   1.6488955e-01
   6.2390252e-01   7.2540543e-02
   8.4577631e-01   8.4284693e-01
   6.7247251e-01   1.7851769e-01
   6.0404166e-01   8.2153581e-01
   6.3517296e-01   2.4028861e-01
   8.9934747e-01   6.5224307e-01
   7.9601085e-01   4.6875793e-01
   7.2764147e-01   7.1227873e-01
   6.3420750e-01   8.6047027e-02
   9.0283194e-01   5.3737625e-01
   6.7479014e-01   2.2919132e-01
   6.7988327e-01   1.5187668e-01
   9.2055522e-01   4.6344926e-01
   6.5997691e-01   9.7177965e-01
   9.3850931e-01   6.1272935e-01
   7.2889356e-01   5.7462195e-02
   7.2823332e-01   2.3209252e-01
   5.1708714e-01   8.3232677e-01
   8.9462832e-01   5.1055871e-01
   6.6630900e-01   3.0960157e-01
   7.5779952e-01   1.7885410e-01
   5.7023448e-01   8.9786880e-01
   8.0770367e-01   7.0920483e-01
   7.0801582e-01   6.6357437e-01
   7.6030678e-01   1.6943681e-01
   8.3421333e-01   8.4154967e-01
   6.1475626e-01   1.0687804e-01
   6.4270537e-01   9.3670431e-01
   6.4900862e-01   3.6289099e-02
   6.3962985e-01   8.1019163e-01
   7.4934731e-01   1.3407272e-01
   8.7132363e-01   3.4199737e-01
   5.4148240e-01   9.4842816e-01
   5.1312398e-01   8.7263090e-01
   8.1577964e-01   2.4269361e-01
   6.6345497e-01   7.0566998e-01
   7.4393995e-01   3.2387494e-01
   8.1174650e-01   2.8593594e-01
   7.5383116e-01   9.2434859e-01
   9.5489049e-01   5.9054063e-01
   6.4812128e-01   9.3962092e-02
   7.8596258e-01   7.9156074e-01
   5.7636992e-01   1.2974591e-01
   7.3680909e-01   1.9807899e-01
   6.2628417e-01   7.1922237e-01
   8.9484675e-01   3.3522438e-01
   5.2619642e-01   9.1015177e-01
   5.1166807e-01   2.1853936e-02
   5.4716357e-01   9.6379148e-02
   8.2576480e-01   1.6297650e-01
   8.4307960e-01   5.1393033e-01
   9.1991699e-01   5.3778352e-01
   5.2784088e-01   8.4493480e-01
   7.1934278e-01   2.1943127e-01
   8.6578951e-01   1.8817153e-01
   5.3019177e-01   9.9906864e-01
   5.8130533e-01   7.8089738e-01
   7.8479193e-01   5.3893057e-01
   7.6618607e-01   3.3495480e-01
   7.0358815e-01   7.2690859e-02
   5.7654559e-01   1.5044512e-01
   6.6756678e-01   7.4406792e-01
   6.0280836e-01   1.0579567e-01
   9.5371843e-01   5.9761676e-01
   7.9659898e-01   6.5416285e-01
   7.9854225e-01   6.4803203e-01
   5.7883561e-01   9.2786392e-01
   6.9888612e-01   2.1900430e-01
   8.4105599e-01   1.6983354e-01
   9.7145706e-01   6.3178833e-01
   7.2409961e-01   7.9890125e-01
   8.6066392e-01   3.7268791e-01
   9.7884536e-01   3.5826264e-01
   9.2173742e-01   3.3306976e-01
   8.0957392e-01   6.6579579e-01
   5.7948144e-01   8.6235825e-01
   9.9556111e-01   5.0447865e-01
   7.6810402e-01   6.6592913e-01
   8.3079076e-01   1.6019766e-01
   7.5494552e-01   4.0845034e-01
   6.7092719e-01   9.3283326e-01
   5.6602818e-01   9.1355942e-01
   8.9731290e-01   7.1105549e-01
   6.8113662e-01   1.5933575e-01
   6.9351415e-01   8.3745106e-01
   7.9991853e-01   6.3142415e-01
   8.9559056e-01   3.9641117e-01
   8.1277986e-01   3.7838341e-01
   5.7788931e-01   1.9620543e-01
   7.8585375e-01   1.5840405e-01
   7.4894929e-01   1.1968187e-01
   6.2043622e-01   2.5781278e-01
   7.7029183e-01   2.7938227e-01
   8.1011585e-01   5.5481543e-01
   7.1993908e-01   3.3176239e-01
   7.1137778e-01   1.7968855e-01
   9.7842155e-01   4.2330375e-01
   8.8059597e-01   4.8989488e-01
   9.0018500e-01   7.7441809e-01
   5.0875926e-01   1.1344469e-01
   7.7952850e-01   6.4634502e-01
   7.5189324e-01   7.6260600e-01
   6.2438512e-01   2.6346140e-01
   6.8258610e-01   9.1134811e-01
   6.2397787e-01   1.3323407e-01
   6.5487403e-01   2.1358329e-01
   7.3280773e-01   9.0936456e-01
   5.0077821e-01   8.8931972e-01
   8.2308679e-01   4.5279505e-01
   7.4992739e-01   7.9899058e-01
   6.1058024e-01   2.3687029e-01
   8.7896530e-01   1.9640949e-01
   7.7177691e-01   2.1535951e-01
   6.0029557e-01   9.5535671e-01
   9.1130499e-01   6.4141136e-01
   5.3981644e-01   9.0999690e-02
   7.1708872e-01   3.2560006e-01
   7.9673517e-01   1.5856017e-01
   6.3112839e-01   1.5622592e-01
   7.4954979e-01   1.8892280e-01
   9.1898440e-01   5.4568931e-01
   8.6577928e-01   1.7284741e-01
   6.4356329e-01   1.5653354e-01
   7.5196208e-01   3.2423325e-01
   8.4728347e-01   5.2567704e-01
   6.7318429e-01   2.1132719e-01
   8.5974605e-01   5.0856040e-01
   8.5614215e-01   7.5519919e-01
   7.8904709e-01   2.5122684e-01
   6.5227746e-01   7.9169999e-01
   9.4025971e-01   7.2127575e-01
   7.4612255e-01   4.0809464e-01
   7.2137272e-01   6.7892716e-01
   6.6901772e-01   7.7656151e-01
   6.1036412e-01   1.2566495e-01
   7.9960251e-01   7.2995276e-01
   7.1465053e-01   3.1853690e-01
   5.3799105e-01   6.0149690e-03
   5.5130516e-01   8.1487958e-02
   6.0523513e-01   1.5149932e-01
   6.2158106e-01   7.8035984e-01
   7.3073193e-01   3.8016385e-01
   7.0439175e-01   8.2419921e-01
   9.9440348e-01   5.5991584e-01
   8.2501486e-01   6.0599689e-01
   6.0716983e-01   9.1190021e-01
   7.5408621e-01   2.2789659e-01
   8.8809248e-01   5.5282581e-01
   6.3897569e-01   1.6270335e-01
   9.6925208e-01   5.4194618e-01
   7.9249916e-01   6.8245070e-01
   7.4837927e-01   5.4204423e-01
   5.5818425e-01   8.8243687e-01
   5.9641510e-01   5.7716184e-02
   8.5292283e-01   5.1792732e-01
   9.1315773e-01   7.3798022e-01
   5.7429609e-01   2.7378300e-02
   5.0457909e-01   9.6005184e-01
   5.4463146e-01   9.7900297e-01
   7.9988397e-01   3.3570801e-01
   7.9564778e-01   2.2590909e-01
   5.5756464e-01   2.4692102e-01
   7.3099782e-01   7.9787804e-01
   6.7859937e-01   2.9893295e-01
   9.3731824e-01   6.4558162e-01
   6.2783779e-01   7.2565038e-02
   9.1201718e-01   4.7658013e-01
   7.5285944e-01   4.6270471e-01
   7.7252065e-01   6.2961579e-01
   8.2460101e-01   2.3448817e-01
   6.3822869e-01   8.9976447e-01
   5.8476696e-01   1.7549845e-01
   5.2124556e-01   9.7089266e-01
   5.6165354e-01   1.8292497e-01
   6.2201143e-01   9.0066675e-01
   7.8837761e-01   1.1688923e-01
   6.2022451e-01   7.5577799e-01
   7.7118846e-01   2.3642130e-01
   7.7754953e-01   3.8198847e-01
   7.8556328e-01   2.7730615e-01
   8.2272249e-01   3.3218891e-01
   7.9615420e-01   3.1770878e-01
   6.4594075e-01   2.2992230e-01
   9.2141851e-01   5.1147002e-01
   7.7782820e-01   6.8121174e-01
   8.4073047e-01   7.6799329e-01
   9.5066043e-01   3.3460349e-01
   7.9907862e-01   5.2703134e-01
   6.8879226e-01   7.7674816e-01
   6.4075333e-01   8.6111507e-01
   6.7100701e-01   3.6595907e-02
   8.2214805e-01   4.0870450e-01
   7.8282716e-01   2.6965304e-01
   7.5101260e-01   2.3633373e-01
   5.7685916e-01   8.1132470e-01
   5.9076880e-01   1.2468005e-01
   8.1956960e-01   1.5880619e-01
   7.7723882e-01   3.4021401e-01
   8.8739986e-01   7.5108240e-01
   7.8203315e-01   5.5462167e-01
   7.4796031e-01   1.5361777e-01
   8.2953351e-01   3.9770413e-01
   8.7489308e-01   4.7799463e-01
   7.0248985e-01   1.2026763e-01
   7.3545598e-01   8.5290027e-01
   9.3654941e-01   6.3367842e-01
   6.9698568e-01   1.6576705e-01
   7.1729073e-01   8.2075123e-01
   8.8458264e-01   4.0523822e-01
   7.8779956e-01   2.4718755e-01
   6.8895167e-01   8.2123788e-01
   9.3920114e-01   5.5948018e-01
   5.8547086e-01   9.4560080e-01
   9.3659098e-01   7.0153553e-01
   9.4667541e-01   3.0179672e-01
   6.2434028e-01   9.6776120e-01
   7.7595304e-01   2.3894724e-01
   7.9801436e-01   2.6440341e-01
   7.8374771e-01   7.8640052e-01
   6.9651484e-01   8.3627277e-01
   8.1492815e-01   1.8188448e-01
   5.2919041e-01   8.3724279e-01
   5.0317559e-01   9.1633982e-01
   6.5179582e-01   7.4058658e-01
   8.9935107e-01   7.6220461e-01
   8.9211045e-01   5.6826279e-01
   9.7594948e-01   5.5081414e-01
   8.4260928e-01   6.2190700e-01
   8.3120744e-01   6.6034972e-01
   6.3653276e-01   7.3102373e-01
   5.0843176e-01   9.8129434e-01
   6.2005382e-01   9.5446956e-01
   7.5277301e-01   6.1626044e-01
   8.4200640e-01   7.7215715e-01
   8.1924237e-01   2.4952739e-01
   6.5142157e-01   7.5036344e-01
   7.0018684e-01   7.7525538e-01
   5.7332304e-01   9.6578146e-01
   9.0118486e-01   7.0631858e-01
   9.2900228e-01   5.5106953e-01
   7.1859716e-01   9.1070270e-01
   9.2305959e-01   6.5105246e-01
   8.9686542e-01   6.1133029e-01
   7.6194911e-01   1.8562170e-01
   7.2577008e-01   1.9847530e-01
   5.8831296e-01   2.0788037e-01
   7.1927296e-01   1.2874869e-01
   6.1386211e-01   1.4119656e-01
   6.0296805e-01   1.1962830e-01
   6.4776181e-01   8.8922980e-01
   9.1074444e-01   2.8054133e-01
   8.6837708e-01   5.8958087e-01
   8.4268395e-01   7.5408936e-01
   7.8861785e-01   1.5164411e-01
   6.1353929e-01   1.2333816e-01
   6.6285721e-01   8.5602543e-01
   5.4976459e-01   4.6174318e-02
   8.1955832e-01   8.8021685e-01
   6.4780980e-01   1.6704117e-01
   8.1897401e-01   3.0721019e-01
   6.0426542e-01   8.7375219e-01
   8.2849915e-01   7.4446464e-01
   9.0232918e-01   5.4346991e-01
   9.4382032e-01   2.9095805e-01
   7.9765824e-01   4.0063638e-01
   7.6918855e-01   4.5487483e-01
   6.0563526e-01   2.1917341e-01
   8.2148831e-01   5.3099558e-01
   5.0507071e-01   7.9241214e-01
   7.3593096e-01   8.3302244e-02
   7.6713014e-01   7.3864717e-01
   9.7073172e-01   4.6709946e-01
   6.3261590e-01   9.5205616e-01
   7.2252746e-01   2.8583078e-01
   7.3685091e-01   3.8153278e-01
   9.4317250e-01   5.8194816e-01
   7.1881862e-01   1.5846864e-01
   7.8232042e-01   8.5192264e-01
   5.1924411e-01   2.1356035e-02
   9.4722112e-01   3.5133300e-01
   9.1774639e-01   5.4771770e-01
   8.2693750e-01   2.1770145e-01
   9.7990154e-01   6.1990929e-01
   7.0486928e-01   3.0030170e-01
   7.0465081e-01   1.5811294e-01
   9.6492212e-01   5.3010460e-01
   7.8475849e-01   5.3212892e-01
   8.3881181e-01   5.8984362e-01
   6.9673472e-01   7.5500727e-01
   9.7673724e-01   6.4078851e-01
   9.2881387e-01   4.9080293e-01
   7.8919642e-01   8.6359692e-01
   5.1783120e-01   1.9155732e-01
   8.2771227e-01   4.0056267e-01
   7.1571517e-01   7.1774363e-01
   5.1059351e-01   1.9405659e-01
   7.3121439e-01   8.9985066e-01
   7.8262159e-01   6.4178670e-01
   6.5160243e-01   8.4770303e-01
   5.8041123e-01   9.8171451e-01
   7.6117324e-01   3.4079549e-01
   7.2563445e-01   1.3851253e-01
   6.4604787e-01   2.2444799e-01
   6.2206993e-01   2.4623425e-01
   5.0950371e-01   7.6974422e-01
   7.9250610e-01   6.0300983e-01
   5.2082212e-01   9.0593685e-02
   9.4241696e-01   4.6247522e-01
   7.5205217e-01   8.2239424e-01
   8.4645265e-01   5.2386118e-01
   5.1294647e-01   2.3426318e-01
   9.4980877e-01   2.9749311e-01
   8.3735642e-01   7.9825683e-01
   7.8210310e-01   4.9934620e-01
   6.0670964e-01   9.5014621e-01
   8.0757021e-01   4.6814160e-01
   6.6673058e-01   9.0465876e-01
   8.5551052e-01   2.4820224e-01
   8.5166178e-01   3.7348613e-01
   7.4153714e-01   7.1293347e-01
   8.0229238e-01   3.1622149e-01
   9.0171096e-01   3.1851393e-01
   5.0569622e-01   1.2515976e-01
   7.4464848e-01   5.9656390e-01
   9.2705082e-01   4.2129162e-01
   6.6324842e-01   7.7490050e-01
   6.6631918e-01   8.5984522e-01
   6.9253041e-01   2.5055531e-01
   5.7634925e-01   3.6391243e-02
   9.1368811e-01   4.5081300e-01
   7.2593531e-01   8.1266266e-02
   8.3907834e-01   6.9178263e-01
   7.4706241e-01   9.1949420e-01
   6.7832703e-01   3.2278774e-01
   8.2634058e-01   8.2716853e-01
   7.5372801e-01   4.7443088e-01
   9.4553458e-01   4.0339157e-01
   5.5576838e-01   9.0516509e-02
   8.9553761e-01   4.1106182e-01
   8.9691163e-01   3.2134348e-01
   9.5362539e-01   4.4826152e-01
   9.0781786e-01   3.8974680e-01
   8.6627715e-01   4.1799430e-01
   6.3695205e-01   8.3253672e-01
   7.2622839e-01   1.1525260e-01
   6.5768278e-01   7.4575019e-02
   5.4670428e-01   3.5668305e-02
   8.6355635e-01   2.7065110e-01
   8.9598857e-01   6.6683054e-01
   7.6847866e-01   3.9306114e-01
   7.9253273e-01   6.4585203e-01
   7.7842440e-01   7.1713786e-01
   5.3218908e-01   9.8376644e-01
   7.5803979e-01   3.6267801e-01
   5.5149767e-01   6.1041835e-02
   7.7147483e-01   7.6405361e-01
   6.8549109e-01   8.0754686e-01
   7.5699288e-01   4.4879059e-01
   7.0566262e-01   9.7520784e-02
   7.8758736e-01   3.0147174e-01
   5.0453584e-01   8.6315270e-01
   8.3049351e-01   4.7778216e-01
   6.9048584e-01   8.4719271e-01
   9.2416750e-01   6.7754401e-01
   8.1811036e-01   2.0781240e-01
   6.0386017e-01   8.3722302e-01
   5.1955320e-01   1.7513924e-01
   6.8034091e-01   8.7981944e-01
   5.3705804e-01   9.4440616e-01
   7.9231784e-01   5.9584441e-01
   6.2316339e-01   2.2797989e-01
   8.2477634e-01   6.8851690e-01
   6.3627065e-01   9.3221884e-01
   7.9831604e-01   8.8391711e-01
   6.8128332e-01   6.7841478e-01
   5.7828318e-01   8.1753575e-01
   8.1512639e-01   6.6644404e-01
   8.2182565e-01   1.6804954e-01
   8.2408476e-01   6.4942106e-01
   7.7702795e-01   2.4907374e-01
   5.8376215e-01   8.8613384e-02
   8.8078027e-01   2.9563261e-01
   9.2253864e-01   5.2366521e-01
   9.2487206e-01   7.4280214e-01
   5.7935011e-01   8.8259325e-01
   8.5327287e-01   3.3012138e-01
   5.2935762e-01   2.3424488e-01
   7.9909696e-01   6.0078467e-01
   8.1890038e-01   4.9487372e-01
   9.5104506e-01   4.1776152e-01
   6.7108824e-01   9.4843043e-01
   6.8104580e-01   8.6482216e-01
   5.4322241e-01   7.9337905e-01
   5.9133770e-01   7.7068144e-01
   6.0807846e-01   1.1367892e-01
   7.6381542e-01   7.2145767e-01
   7.0768567e-01   2.9551757e-01
   6.3863155e-01   8.2851651e-01
   7.8883752e-01   4.4573257e-01
   9.5172608e-01   3.1864153e-01
   7.4180364e-01   6.3267596e-01
   5.0054369e-01   8.9612174e-01
   7.4518264e-01   1.8435295e-01
   5.4781009e-01   9.5372570e-01
   7.3140691e-01   6.3591627e-01
   8.2646049e-01   1.8454326e-01
   5.7873573e-01   8.9469214e-01
   7.6863403e-01   7.0061966e-01
   5.6520808e-01   8.8953510e-01
   7.3141886e-01   7.8195424e-01
   7.6840835e-01   2.9104626e-01
   7.3359567e-01   6.7597468e-01
   8.8731377e-01   2.6060505e-01
   6.2569396e-01   1.7851624e-01
   6.0339356e-01   6.8671279e-02
   7.1015985e-01   7.1253234e-01
   6.0649583e-01   8.8575301e-01
   8.7361090e-01   7.4394215e-01
   7.0892393e-01   7.7901367e-02
   9.5856507e-01   6.4292894e-01
   6.5734181e-01   8.1184650e-01
   6.7154675e-01   1.4929641e-01
   8.9566648e-01   5.0662606e-01
   6.9824798e-01   2.6790579e-01
   7.5206590e-01   6.8549093e-01
   6.3963729e-01   8.4600166e-01
   7.1198596e-01   3.6695601e-01
   8.5816361e-01   6.0388354e-01
   6.3802969e-01   8.9026366e-01
   6.8984385e-01   9.4152146e-01
   6.9822665e-01   3.3709263e-01
   5.4295198e-01   7.6784613e-01
   8.5314447e-01   6.7279985e-01
   5.7196045e-01   8.2893622e-01
   6.8834764e-01   2.8342512e-01
   8.1264344e-01   2.4793438e-01
   8.2817213e-01   3.0622993e-01
   8.7002298e-01   1.9434188e-01
   8.8497607e-01   4.1474337e-01
   6.3990663e-01   7.3802200e-01
   7.8430676e-01   2.9038619e-01
   8.0695075e-01   3.7717811e-01
   5.5866641e-01   8.3890808e-01
   7.9882288e-01   3.6727197e-01
   9.2506138e-01   6.5112724e-01
   7.4650876e-01   4.5121198e-01
   7.6085948e-01   1.7601563e-01
   9.5641104e-01   3.1949490e-01
   8.8345319e-01   5.5077804e-01
   7.2177586e-01   1.9686125e-01
   7.3533209e-01   2.8273944e-01
   8.0787524e-01   2.0197409e-01
   6.2696611e-01   1.5015118e-01
   7.4690789e-01   1.0638033e-01
   5.3269029e-01   8.7799921e-01
   6.5822835e-01   2.6765043e-01
   5.1514945e-01   9.7834464e-01
   6.9826381e-01   8.3268984e-01
   9.4918879e-01   5.5992530e-01
   7.8679330e-01   3.0852640e-01
   7.0638784e-01   8.6919845e-01
   5.8956913e-01   2.0542794e-01
   5.1843064e-01   9.1398485e-01
   7.6129895e-01   2.4830548e-01
   7.8373303e-01   5.8288518e-01
   7.2305071e-01   9.2900345e-01
   9.1352180e-01   2.6647855e-01
   5.2542274e-01   1.4822268e-01
   5.7429157e-01   3.9379915e-02
   8.4323254e-01   6.2239325e-01
   8.5295449e-01   4.3525905e-01
   6.2737178e-01   9.4293267e-01
   8.7908232e-01   7.2093524e-01
   6.2897585e-01   6.4044330e-02
   5.8654804e-01   8.7588294e-01
   5.6753596e-01   8.9307812e-01
   7.1205347e-01   6.6396003e-01
   9.0433988e-01   7.2063460e-01
   7.3800854e-01   3.8017607e-01
   7.4014771e-01   6.9327456e-01
   8.9625818e-01   7.0215040e-01
   8.6741285e-01   5.9504485e-01
   7.8587344e-01   7.1415665e-01
   5.5292113e-01   9.5957675e-01
   7.7670054e-01   4.7913317e-01
   7.6155439e-01   8.1384732e-01
   8.5275931e-01   8.1046253e-01
   7.4326901e-01   1.3616674e-01
   7.9685384e-01   6.5774164e-01
   7.4876146e-01   4.3133482e-01
   6.2806949e-01   9.6107829e-01
   8.3643073e-01   1.5860757e-01
   8.2848141e-01   8.5437157e-01
   9.1627115e-01   5.0254584e-01
   5.6141701e-01   1.5381116e-01
   7.0651527e-01   1.8009654e-01
   5.1777096e-01   7.8032719e-01
   8.0105401e-01   7.2945788e-01
   6.8057203e-01   1.8505880e-01
   5.9248511e-01   8.2745453e-02
   9.4512255e-01   6.3661599e-01
   5.4078185e-01   8.6316687e-01
   8.1452615e-01   7.3278862e-01
   9.1342319e-01   6.6627881e-01
   8.7905647e-01   5.5427190e-01
   6.2921646e-01   7.5362607e-01
   9.0732108e-01   3.8413733e-01
   6.2037719e-01   9.0981377e-01
   8.6835745e-01   3.3004701e-01
   7.5299001e-01   6.3225874e-01
   6.8251660e-01   9.3317144e-01
   7.5961620e-01   4.0445806e-01
   7.4698235e-01   6.0995542e-01
   8.7713565e-01   4.3851184e-01
   9.4402521e-01   5.2192096e-01
   7.7098279e-01   5.7766184e-01
   6.5856173e-01   1.2100734e-01
   8.6192448e-01   7.6001443e-01
   9.1049987e-01   6.6533719e-01
   8.6843550e-01   3.2590094e-01
   8.3326989e-01   4.8041355e-01
   9.5940443e-01   5.6777862e-01
   8.4888432e-01   2.3024092e-01
   8.0062242e-01   8.4938684e-01
   6.3648277e-01   1.1357569e-01
   7.6521338e-01   4.4940526e-01
   6.1604566e-01   1.6863563e-01
   6.1242799e-01   8.9681455e-01
   7.1323544e-01   8.6132335e-01
   7.5723359e-01   7.6089172e-01
   5.9472504e-01   8.2605224e-01
   7.2873656e-01   1.2419383e-01
   6.6499845e-01   1.0404119e-01
   9.4959558e-01   6.8652089e-01
   6.6031981e-01   3.4414620e-02
   6.4975710e-01   8.2238386e-01
   5.2512387e-01   2.3179097e-02
   6.4245609e-01   8.5956028e-01
   5.5736792e-01   1.4041522e-01
   9.6950287e-01   4.5054281e-01
   5.9460711e-01   7.8678807e-01
   5.2353041e-01   2.1050612e-01
   7.3892309e-01   8.1743435e-01
   7.6148070e-01   4.3916072e-01
   5.9567712e-01   1.2044639e-01
   9.7854019e-01   6.2081645e-01
